ABACK,0,0,0,0,0,0,0,0,0,0,0,0
ABASE,0,0,0,0,0,0,0,0,0,0,0,0
ABATE,0,0,0,0,0,0,0,0,0,0,0,0
ABBEY,0,0,0,0,0,0,0,0,0,0,0,0
ABBOT,0,0,0,0,0,0,0,0,0,0,0,0
ABHOR,0,0,0,0,0,0,0,0,0,0,0,0
ABIDE,0,0,0,0,0,0,0,0,0,0,0,0
ABLED,0,0,0,0,0,0,0,0,0,0,0,0
ABODE,0,0,0,0,0,0,0,0,0,0,0,0
ABORT,0,0,0,0,0,0,0,0,0,0,0,0
ABOUT,0,0,0,0,0,0,0,0,0,0,0,0
ABOVE,0,0,0,0,0,0,0,0,0,0,0,0
ABUSE,0,0,0,0,0,0,0,0,0,0,0,0
ABYSS,0,0,0,0,0,0,0,0,0,0,0,0
ACORN,0,0,0,0,0,0,0,0,0,0,0,0
ACRID,0,0,0,0,0,0,0,0,0,0,0,0
ACTOR,0,0,0,0,0,0,0,0,0,0,0,0
ACUTE,0,0,0,0,0,0,0,0,0,0,0,0
ADAGE,0,0,0,0,0,0,0,0,0,0,0,0
ADAPT,0,0,0,0,0,0,0,0,0,0,0,0
ADEPT,0,0,0,0,0,0,0,0,0,0,0,0
ADMIN,0,0,0,0,0,0,0,0,0,0,0,0
ADMIT,0,0,0,0,0,0,0,0,0,0,0,0
ADOBE,0,0,0,0,0,0,0,0,0,0,0,0
ADOPT,0,0,0,0,0,0,0,0,0,0,0,0
ADORE,0,0,0,0,0,0,0,0,0,0,0,0
ADORN,0,0,0,0,0,0,0,0,0,0,0,0
ADULT,0,0,0,0,0,0,0,0,0,0,0,0
AFFIX,0,0,0,0,0,0,0,0,0,0,0,0
AFIRE,0,0,0,0,0,0,0,0,0,0,0,0
AFOOT,0,0,0,0,0,0,0,0,0,0,0,0
AFOUL,0,0,0,0,0,0,0,0,0,0,0,0
AFTER,0,0,0,0,0,0,0,0,0,0,0,0
AGAIN,0,0,0,0,0,0,0,0,0,0,0,0
AGAPE,0,0,0,0,0,0,0,0,0,0,0,0
AGATE,0,0,0,0,0,0,0,0,0,0,0,0
AGENT,0,0,0,0,0,0,0,0,0,0,0,0
AGILE,0,0,0,0,0,0,0,0,0,0,0,0
AGING,0,0,0,0,0,0,0,0,0,0,0,0
AGLOW,0,0,0,0,0,0,0,0,0,0,0,0
AGONY,0,0,0,0,0,0,0,0,0,0,0,0
AGREE,0,0,0,0,0,0,0,0,0,0,0,0
AHEAD,0,0,0,0,0,0,0,0,0,0,0,0
AIDER,0,0,0,0,0,0,0,0,0,0,0,0
AISLE,0,0,0,0,0,0,0,0,0,0,0,0
ALARM,0,0,0,0,0,0,0,0,0,0,0,0
ALBUM,0,0,0,0,0,0,0,0,0,0,0,0
ALERT,0,0,0,0,0,0,0,0,0,0,0,0
ALGAE,0,0,0,0,0,0,0,0,0,0,0,0
ALIBI,0,0,0,0,0,0,0,0,0,0,0,0
ALIEN,0,0,0,0,0,0,0,0,0,0,0,0
ALIGN,0,0,0,0,0,0,0,0,0,0,0,0
ALIKE,0,0,0,0,0,0,0,0,0,0,0,0
ALIVE,0,0,0,0,0,0,0,0,0,0,0,0
ALLAY,0,0,0,0,0,0,0,0,0,0,0,0
ALLEY,0,0,0,0,0,0,0,0,0,0,0,0
ALLOT,0,0,0,0,0,0,0,0,0,0,0,0
ALLOW,0,0,0,0,0,0,0,0,0,0,0,0
ALLOY,0,0,0,0,0,0,0,0,0,0,0,0
ALOFT,0,0,0,0,0,0,0,0,0,0,0,0
ALONE,0,0,0,0,0,0,0,0,0,0,0,0
ALONG,0,0,0,0,0,0,0,0,0,0,0,0
ALOOF,0,0,0,0,0,0,0,0,0,0,0,0
ALOUD,0,0,0,0,0,0,0,0,0,0,0,0
ALPHA,0,0,0,0,0,0,0,0,0,0,0,0
ALTAR,0,0,0,0,0,0,0,0,0,0,0,0
ALTER,0,0,0,0,0,0,0,0,0,0,0,0
AMASS,0,0,0,0,0,0,0,0,0,0,0,0
AMAZE,0,0,0,0,0,0,0,0,0,0,0,0
AMBER,0,0,0,0,0,0,0,0,0,0,0,0
AMBLE,0,0,0,0,0,0,0,0,0,0,0,0
AMEND,0,0,0,0,0,0,0,0,0,0,0,0
AMISS,0,0,0,0,0,0,0,0,0,0,0,0
AMITY,0,0,0,0,0,0,0,0,0,0,0,0
AMONG,0,0,0,0,0,0,0,0,0,0,0,0
AMPLE,0,0,0,0,0,0,0,0,0,0,0,0
AMPLY,0,0,0,0,0,0,0,0,0,0,0,0
AMUSE,0,0,0,0,0,0,0,0,0,0,0,0
ANGEL,0,0,0,0,0,0,0,0,0,0,0,0
ANGER,0,0,0,0,0,0,0,0,0,0,0,0
ANGLE,0,0,0,0,0,0,0,0,0,0,0,0
ANGRY,0,0,0,0,0,0,0,0,0,0,0,0
ANGST,0,0,0,0,0,0,0,0,0,0,0,0
ANIME,0,0,0,0,0,0,0,0,0,0,0,0
ANKLE,0,0,0,0,0,0,0,0,0,0,0,0
ANNEX,0,0,0,0,0,0,0,0,0,0,0,0
ANNOY,0,0,0,0,0,0,0,0,0,0,0,0
ANNUL,0,0,0,0,0,0,0,0,0,0,0,0
ANODE,0,0,0,0,0,0,0,0,0,0,0,0
ANTIC,0,0,0,0,0,0,0,0,0,0,0,0
ANVIL,0,0,0,0,0,0,0,0,0,0,0,0
AORTA,0,0,0,0,0,0,0,0,0,0,0,0
APART,0,0,0,0,0,0,0,0,0,0,0,0
APHID,0,0,0,0,0,0,0,0,0,0,0,0
APING,0,0,0,0,0,0,0,0,0,0,0,0
APNEA,0,0,0,0,0,0,0,0,0,0,0,0
APPLE,0,0,0,0,0,0,0,0,0,0,0,0
APPLY,0,0,0,0,0,0,0,0,0,0,0,0
APRON,0,0,0,0,0,0,0,0,0,0,0,0
APTLY,0,0,0,0,0,0,0,0,0,0,0,0
ARBOR,0,0,0,0,0,0,0,0,0,0,0,0
ARDOR,0,0,0,0,0,0,0,0,0,0,0,0
ARENA,0,0,0,0,0,0,0,0,0,0,0,0
ARGUE,0,0,0,0,0,0,0,0,0,0,0,0
ARISE,0,0,0,0,0,0,0,0,0,0,0,0
ARMOR,0,0,0,0,0,0,0,0,0,0,0,0
AROMA,0,0,0,0,0,0,0,0,0,0,0,0
AROSE,0,0,0,0,0,0,0,0,0,0,0,0
ARRAY,0,0,0,0,0,0,0,0,0,0,0,0
ARROW,0,0,0,0,0,0,0,0,0,0,0,0
ARSON,0,0,0,0,0,0,0,0,0,0,0,0
ARTSY,0,0,0,0,0,0,0,0,0,0,0,0
ASCOT,0,0,0,0,0,0,0,0,0,0,0,0
ASHEN,0,0,0,0,0,0,0,0,0,0,0,0
ASIDE,0,0,0,0,0,0,0,0,0,0,0,0
ASKEW,0,0,0,0,0,0,0,0,0,0,0,0
ASSAY,0,0,0,0,0,0,0,0,0,0,0,0
ASSET,0,0,0,0,0,0,0,0,0,0,0,0
ATOLL,0,0,0,0,0,0,0,0,0,0,0,0
ATONE,0,0,0,0,0,0,0,0,0,0,0,0
ATTIC,0,0,0,0,0,0,0,0,0,0,0,0
AUDIO,0,0,0,0,0,0,0,0,0,0,0,0
AUDIT,0,0,0,0,0,0,0,0,0,0,0,0
AUGUR,0,0,0,0,0,0,0,0,0,0,0,0
AUNTY,0,0,0,0,0,0,0,0,0,0,0,0
AVAIL,0,0,0,0,0,0,0,0,0,0,0,0
AVERT,0,0,0,0,0,0,0,0,0,0,0,0
AVIAN,0,0,0,0,0,0,0,0,0,0,0,0
AVOID,0,0,0,0,0,0,0,0,0,0,0,0
AWAIT,0,0,0,0,0,0,0,0,0,0,0,0
AWAKE,0,0,0,0,0,0,0,0,0,0,0,0
AWARD,0,0,0,0,0,0,0,0,0,0,0,0
AWARE,0,0,0,0,0,0,0,0,0,0,0,0
AWASH,0,0,0,0,0,0,0,0,0,0,0,0
AWFUL,0,0,0,0,0,0,0,0,0,0,0,0
AWOKE,0,0,0,0,0,0,0,0,0,0,0,0
AXIAL,0,0,0,0,0,0,0,0,0,0,0,0
AXIOM,0,0,0,0,0,0,0,0,0,0,0,0
AXION,0,0,0,0,0,0,0,0,0,0,0,0
AZURE,0,0,0,0,0,0,0,0,0,0,0,0
BACON,0,0,0,0,0,0,0,0,0,0,0,0
BADGE,0,0,0,0,0,0,0,0,0,0,0,0
BADLY,0,0,0,0,0,0,0,0,0,0,0,0
BAGEL,0,0,0,0,0,0,0,0,0,0,0,0
BAGGY,0,0,0,0,0,0,0,0,0,0,0,0
BAKER,0,0,0,0,0,0,0,0,0,0,0,0
BALER,0,0,0,0,0,0,0,0,0,0,0,0
BALMY,0,0,0,0,0,0,0,0,0,0,0,0
BANAL,0,0,0,0,0,0,0,0,0,0,0,0
BANJO,0,0,0,0,0,0,0,0,0,0,0,0
BARGE,0,0,0,0,0,0,0,0,0,0,0,0
BARON,0,0,0,0,0,0,0,0,0,0,0,0
BASAL,0,0,0,0,0,0,0,0,0,0,0,0
BASIC,0,0,0,0,0,0,0,0,0,0,0,0
BASIL,0,0,0,0,0,0,0,0,0,0,0,0
BASIN,0,0,0,0,0,0,0,0,0,0,0,0
BASIS,0,0,0,0,0,0,0,0,0,0,0,0
BASTE,0,0,0,0,0,0,0,0,0,0,0,0
BATCH,0,0,0,0,0,0,0,0,0,0,0,0
BATHE,0,0,0,0,0,0,0,0,0,0,0,0
BATON,0,0,0,0,0,0,0,0,0,0,0,0
BATTY,0,0,0,0,0,0,0,0,0,0,0,0
BAWDY,0,0,0,0,0,0,0,0,0,0,0,0
BAYOU,0,0,0,0,0,0,0,0,0,0,0,0
BEACH,0,0,0,0,0,0,0,0,0,0,0,0
BEADY,0,0,0,0,0,0,0,0,0,0,0,0
BEARD,0,0,0,0,0,0,0,0,0,0,0,0
BEAST,0,0,0,0,0,0,0,0,0,0,0,0
BEECH,0,0,0,0,0,0,0,0,0,0,0,0
BEEFY,0,0,0,0,0,0,0,0,0,0,0,0
BEFIT,0,0,0,0,0,0,0,0,0,0,0,0
BEGAN,0,0,0,0,0,0,0,0,0,0,0,0
BEGAT,0,0,0,0,0,0,0,0,0,0,0,0
BEGET,0,0,0,0,0,0,0,0,0,0,0,0
BEGIN,0,0,0,0,0,0,0,0,0,0,0,0
BEGUN,0,0,0,0,0,0,0,0,0,0,0,0
BEING,0,0,0,0,0,0,0,0,0,0,0,0
BELCH,0,0,0,0,0,0,0,0,0,0,0,0
BELIE,0,0,0,0,0,0,0,0,0,0,0,0
BELLE,0,0,0,0,0,0,0,0,0,0,0,0
BELLY,0,0,0,0,0,0,0,0,0,0,0,0
BELOW,0,0,0,0,0,0,0,0,0,0,0,0
BENCH,0,0,0,0,0,0,0,0,0,0,0,0
BERET,0,0,0,0,0,0,0,0,0,0,0,0
BERRY,0,0,0,0,0,0,0,0,0,0,0,0
BERTH,0,0,0,0,0,0,0,0,0,0,0,0
BESET,0,0,0,0,0,0,0,0,0,0,0,0
BETEL,0,0,0,0,0,0,0,0,0,0,0,0
BEVEL,0,0,0,0,0,0,0,0,0,0,0,0
BEZEL,0,0,0,0,0,0,0,0,0,0,0,0
BIBLE,0,0,0,0,0,0,0,0,0,0,0,0
BICEP,0,0,0,0,0,0,0,0,0,0,0,0
BIDDY,0,0,0,0,0,0,0,0,0,0,0,0
BIGOT,0,0,0,0,0,0,0,0,0,0,0,0
BILGE,0,0,0,0,0,0,0,0,0,0,0,0
BILLY,0,0,0,0,0,0,0,0,0,0,0,0
BINGE,0,0,0,0,0,0,0,0,0,0,0,0
BINGO,0,0,0,0,0,0,0,0,0,0,0,0
BIOME,0,0,0,0,0,0,0,0,0,0,0,0
BIRCH,0,0,0,0,0,0,0,0,0,0,0,0
BIRTH,0,0,0,0,0,0,0,0,0,0,0,0
BISON,0,0,0,0,0,0,0,0,0,0,0,0
BITTY,0,0,0,0,0,0,0,0,0,0,0,0
BLACK,0,0,0,0,0,0,0,0,0,0,0,0
BLADE,0,0,0,0,0,0,0,0,0,0,0,0
BLAME,0,0,0,0,0,0,0,0,0,0,0,0
BLAND,0,0,0,0,0,0,0,0,0,0,0,0
BLANK,0,0,0,0,0,0,0,0,0,0,0,0
BLARE,0,0,0,0,0,0,0,0,0,0,0,0
BLAST,0,0,0,0,0,0,0,0,0,0,0,0
BLAZE,0,0,0,0,0,0,0,0,0,0,0,0
BLEAK,0,0,0,0,0,0,0,0,0,0,0,0
BLEAT,0,0,0,0,0,0,0,0,0,0,0,0
BLEED,0,0,0,0,0,0,0,0,0,0,0,0
BLEEP,0,0,0,0,0,0,0,0,0,0,0,0
BLEND,0,0,0,0,0,0,0,0,0,0,0,0
BLESS,0,0,0,0,0,0,0,0,0,0,0,0
BLIMP,0,0,0,0,0,0,0,0,0,0,0,0
BLIND,0,0,0,0,0,0,0,0,0,0,0,0
BLINK,0,0,0,0,0,0,0,0,0,0,0,0
BLISS,0,0,0,0,0,0,0,0,0,0,0,0
BLITZ,0,0,0,0,0,0,0,0,0,0,0,0
BLOAT,0,0,0,0,0,0,0,0,0,0,0,0
BLOCK,0,0,0,0,0,0,0,0,0,0,0,0
BLOKE,0,0,0,0,0,0,0,0,0,0,0,0
BLOND,0,0,0,0,0,0,0,0,0,0,0,0
BLOOD,0,0,0,0,0,0,0,0,0,0,0,0
BLOOM,0,0,0,0,0,0,0,0,0,0,0,0
BLOWN,0,0,0,0,0,0,0,0,0,0,0,0
BLUER,0,0,0,0,0,0,0,0,0,0,0,0
BLUFF,0,0,0,0,0,0,0,0,0,0,0,0
BLUNT,0,0,0,0,0,0,0,0,0,0,0,0
BLURB,0,0,0,0,0,0,0,0,0,0,0,0
BLURT,0,0,0,0,0,0,0,0,0,0,0,0
BLUSH,0,0,0,0,0,0,0,0,0,0,0,0
BOARD,0,0,0,0,0,0,0,0,0,0,0,0
BOAST,0,0,0,0,0,0,0,0,0,0,0,0
BOBBY,0,0,0,0,0,0,0,0,0,0,0,0
BONEY,0,0,0,0,0,0,0,0,0,0,0,0
BONGO,0,0,0,0,0,0,0,0,0,0,0,0
BONUS,0,0,0,0,0,0,0,0,0,0,0,0
BOOBY,0,0,0,0,0,0,0,0,0,0,0,0
BOOST,0,0,0,0,0,0,0,0,0,0,0,0
BOOTH,0,0,0,0,0,0,0,0,0,0,0,0
BOOTY,0,0,0,0,0,0,0,0,0,0,0,0
BOOZE,0,0,0,0,0,0,0,0,0,0,0,0
BOOZY,0,0,0,0,0,0,0,0,0,0,0,0
BORAX,0,0,0,0,0,0,0,0,0,0,0,0
BORNE,0,0,0,0,0,0,0,0,0,0,0,0
BOSOM,0,0,0,0,0,0,0,0,0,0,0,0
BOSSY,0,0,0,0,0,0,0,0,0,0,0,0
BOTCH,0,0,0,0,0,0,0,0,0,0,0,0
BOUGH,0,0,0,0,0,0,0,0,0,0,0,0
BOULE,0,0,0,0,0,0,0,0,0,0,0,0
BOUND,0,0,0,0,0,0,0,0,0,0,0,0
BOWEL,0,0,0,0,0,0,0,0,0,0,0,0
BOXER,0,0,0,0,0,0,0,0,0,0,0,0
BRACE,0,0,0,0,0,0,0,0,0,0,0,0
BRAID,0,0,0,0,0,0,0,0,0,0,0,0
BRAIN,0,0,0,0,0,0,0,0,0,0,0,0
BRAKE,0,0,0,0,0,0,0,0,0,0,0,0
BRAND,0,0,0,0,0,0,0,0,0,0,0,0
BRASH,0,0,0,0,0,0,0,0,0,0,0,0
BRASS,0,0,0,0,0,0,0,0,0,0,0,0
BRAVE,0,0,0,0,0,0,0,0,0,0,0,0
BRAVO,0,0,0,0,0,0,0,0,0,0,0,0
BRAWL,0,0,0,0,0,0,0,0,0,0,0,0
BRAWN,0,0,0,0,0,0,0,0,0,0,0,0
BREAD,0,0,0,0,0,0,0,0,0,0,0,0
BREAK,0,0,0,0,0,0,0,0,0,0,0,0
BREED,0,0,0,0,0,0,0,0,0,0,0,0
BRIAR,0,0,0,0,0,0,0,0,0,0,0,0
BRIBE,0,0,0,0,0,0,0,0,0,0,0,0
BRICK,0,0,0,0,0,0,0,0,0,0,0,0
BRIDE,0,0,0,0,0,0,0,0,0,0,0,0
BRIEF,0,0,0,0,0,0,0,0,0,0,0,0
BRINE,0,0,0,0,0,0,0,0,0,0,0,0
BRING,0,0,0,0,0,0,0,0,0,0,0,0
BRINK,0,0,0,0,0,0,0,0,0,0,0,0
BRINY,0,0,0,0,0,0,0,0,0,0,0,0
BRISK,0,0,0,0,0,0,0,0,0,0,0,0
BROAD,0,0,0,0,0,0,0,0,0,0,0,0
BROIL,0,0,0,0,0,0,0,0,0,0,0,0
BROKE,0,0,0,0,0,0,0,0,0,0,0,0
BROOD,0,0,0,0,0,0,0,0,0,0,0,0
BROOK,0,0,0,0,0,0,0,0,0,0,0,0
BROOM,0,0,0,0,0,0,0,0,0,0,0,0
BROTH,0,0,0,0,0,0,0,0,0,0,0,0
BROWN,0,0,0,0,0,0,0,0,0,0,0,0
BRUNT,0,0,0,0,0,0,0,0,0,0,0,0
BRUSH,0,0,0,0,0,0,0,0,0,0,0,0
BRUTE,0,0,0,0,0,0,0,0,0,0,0,0
BUDDY,0,0,0,0,0,0,0,0,0,0,0,0
BUDGE,0,0,0,0,0,0,0,0,0,0,0,0
BUGGY,0,0,0,0,0,0,0,0,0,0,0,0
BUGLE,0,0,0,0,0,0,0,0,0,0,0,0
BUILD,0,0,0,0,0,0,0,0,0,0,0,0
BUILT,0,0,0,0,0,0,0,0,0,0,0,0
BULGE,0,0,0,0,0,0,0,0,0,0,0,0
BULKY,0,0,0,0,0,0,0,0,0,0,0,0
BULLY,0,0,0,0,0,0,0,0,0,0,0,0
BUNCH,0,0,0,0,0,0,0,0,0,0,0,0
BUNNY,0,0,0,0,0,0,0,0,0,0,0,0
BURLY,0,0,0,0,0,0,0,0,0,0,0,0
BURNT,0,0,0,0,0,0,0,0,0,0,0,0
BURST,0,0,0,0,0,0,0,0,0,0,0,0
BUSED,0,0,0,0,0,0,0,0,0,0,0,0
BUSHY,0,0,0,0,0,0,0,0,0,0,0,0
BUTCH,0,0,0,0,0,0,0,0,0,0,0,0
BUTTE,0,0,0,0,0,0,0,0,0,0,0,0
BUXOM,0,0,0,0,0,0,0,0,0,0,0,0
BUYER,0,0,0,0,0,0,0,0,0,0,0,0
BYLAW,0,0,0,0,0,0,0,0,0,0,0,0
CABAL,0,0,0,0,0,0,0,0,0,0,0,0
CABBY,0,0,0,0,0,0,0,0,0,0,0,0
CABIN,0,0,0,0,0,0,0,0,0,0,0,0
CABLE,0,0,0,0,0,0,0,0,0,0,0,0
CACAO,0,0,0,0,0,0,0,0,0,0,0,0
CACHE,0,0,0,0,0,0,0,0,0,0,0,0
CACTI,0,0,0,0,0,0,0,0,0,0,0,0
CADDY,0,0,0,0,0,0,0,0,0,0,0,0
CADET,0,0,0,0,0,0,0,0,0,0,0,0
CAGEY,0,0,0,0,0,0,0,0,0,0,0,0
CAIRN,0,0,0,0,0,0,0,0,0,0,0,0
CAMEL,0,0,0,0,0,0,0,0,0,0,0,0
CAMEO,0,0,0,0,0,0,0,0,0,0,0,0
CANAL,0,0,0,0,0,0,0,0,0,0,0,0
CANDY,0,0,0,0,0,0,0,0,0,0,0,0
CANNY,0,0,0,0,0,0,0,0,0,0,0,0
CANOE,0,0,0,0,0,0,0,0,0,0,0,0
CANON,0,0,0,0,0,0,0,0,0,0,0,0
CAPER,0,0,0,0,0,0,0,0,0,0,0,0
CAPUT,0,0,0,0,0,0,0,0,0,0,0,0
CARAT,0,0,0,0,0,0,0,0,0,0,0,0
CARGO,0,0,0,0,0,0,0,0,0,0,0,0
CAROL,0,0,0,0,0,0,0,0,0,0,0,0
CARRY,0,0,0,0,0,0,0,0,0,0,0,0
CARVE,0,0,0,0,0,0,0,0,0,0,0,0
CASTE,0,0,0,0,0,0,0,0,0,0,0,0
CATCH,0,0,0,0,0,0,0,0,0,0,0,0
CATER,0,0,0,0,0,0,0,0,0,0,0,0
CATTY,0,0,0,0,0,0,0,0,0,0,0,0
CAULK,0,0,0,0,0,0,0,0,0,0,0,0
CAUSE,0,0,0,0,0,0,0,0,0,0,0,0
CAVIL,0,0,0,0,0,0,0,0,0,0,0,0
CEASE,0,0,0,0,0,0,0,0,0,0,0,0
CEDAR,0,0,0,0,0,0,0,0,0,0,0,0
CELLO,0,0,0,0,0,0,0,0,0,0,0,0
CHAFE,0,0,0,0,0,0,0,0,0,0,0,0
CHAFF,0,0,0,0,0,0,0,0,0,0,0,0
CHAIN,0,0,0,0,0,0,0,0,0,0,0,0
CHAIR,0,0,0,0,0,0,0,0,0,0,0,0
CHALK,0,0,0,0,0,0,0,0,0,0,0,0
CHAMP,0,0,0,0,0,0,0,0,0,0,0,0
CHANT,0,0,0,0,0,0,0,0,0,0,0,0
CHAOS,0,0,0,0,0,0,0,0,0,0,0,0
CHARD,0,0,0,0,0,0,0,0,0,0,0,0
CHARM,0,0,0,0,0,0,0,0,0,0,0,0
CHART,0,0,0,0,0,0,0,0,0,0,0,0
CHASE,0,0,0,0,0,0,0,0,0,0,0,0
CHASM,0,0,0,0,0,0,0,0,0,0,0,0
CHEAP,0,0,0,0,0,0,0,0,0,0,0,0
CHEAT,0,0,0,0,0,0,0,0,0,0,0,0
CHECK,0,0,0,0,0,0,0,0,0,0,0,0
CHEEK,0,0,0,0,0,0,0,0,0,0,0,0
CHEER,0,0,0,0,0,0,0,0,0,0,0,0
CHESS,0,0,0,0,0,0,0,0,0,0,0,0
CHEST,0,0,0,0,0,0,0,0,0,0,0,0
CHICK,0,0,0,0,0,0,0,0,0,0,0,0
CHIDE,0,0,0,0,0,0,0,0,0,0,0,0
CHIEF,0,0,0,0,0,0,0,0,0,0,0,0
CHILD,0,0,0,0,0,0,0,0,0,0,0,0
CHILI,0,0,0,0,0,0,0,0,0,0,0,0
CHILL,0,0,0,0,0,0,0,0,0,0,0,0
CHIME,0,0,0,0,0,0,0,0,0,0,0,0
CHINA,0,0,0,0,0,0,0,0,0,0,0,0
CHIRP,0,0,0,0,0,0,0,0,0,0,0,0
CHOCK,0,0,0,0,0,0,0,0,0,0,0,0
CHOIR,0,0,0,0,0,0,0,0,0,0,0,0
CHOKE,0,0,0,0,0,0,0,0,0,0,0,0
CHORD,0,0,0,0,0,0,0,0,0,0,0,0
CHORE,0,0,0,0,0,0,0,0,0,0,0,0
CHOSE,0,0,0,0,0,0,0,0,0,0,0,0
CHUCK,0,0,0,0,0,0,0,0,0,0,0,0
CHUMP,0,0,0,0,0,0,0,0,0,0,0,0
CHUNK,0,0,0,0,0,0,0,0,0,0,0,0
CHURN,0,0,0,0,0,0,0,0,0,0,0,0
CHUTE,0,0,0,0,0,0,0,0,0,0,0,0
CIDER,0,0,0,0,0,0,0,0,0,0,0,0
CIGAR,0,0,0,0,0,0,0,0,0,0,0,0
CINCH,0,0,0,0,0,0,0,0,0,0,0,0
CIRCA,0,0,0,0,0,0,0,0,0,0,0,0
CIVIC,0,0,0,0,0,0,0,0,0,0,0,0
CIVIL,0,0,0,0,0,0,0,0,0,0,0,0
CLACK,0,0,0,0,0,0,0,0,0,0,0,0
CLAIM,0,0,0,0,0,0,0,0,0,0,0,0
CLAMP,0,0,0,0,0,0,0,0,0,0,0,0
CLANG,0,0,0,0,0,0,0,0,0,0,0,0
CLANK,0,0,0,0,0,0,0,0,0,0,0,0
CLASH,0,0,0,0,0,0,0,0,0,0,0,0
CLASP,0,0,0,0,0,0,0,0,0,0,0,0
CLASS,0,0,0,0,0,0,0,0,0,0,0,0
CLEAN,0,0,0,0,0,0,0,0,0,0,0,0
CLEAR,0,0,0,0,0,0,0,0,0,0,0,0
CLEAT,0,0,0,0,0,0,0,0,0,0,0,0
CLEFT,0,0,0,0,0,0,0,0,0,0,0,0
CLERK,0,0,0,0,0,0,0,0,0,0,0,0
CLICK,0,0,0,0,0,0,0,0,0,0,0,0
CLIFF,0,0,0,0,0,0,0,0,0,0,0,0
CLIMB,0,0,0,0,0,0,0,0,0,0,0,0
CLING,0,0,0,0,0,0,0,0,0,0,0,0
CLINK,0,0,0,0,0,0,0,0,0,0,0,0
CLOAK,0,0,0,0,0,0,0,0,0,0,0,0
CLOCK,0,0,0,0,0,0,0,0,0,0,0,0
CLONE,0,0,0,0,0,0,0,0,0,0,0,0
CLOSE,0,0,0,0,0,0,0,0,0,0,0,0
CLOTH,0,0,0,0,0,0,0,0,0,0,0,0
CLOUD,0,0,0,0,0,0,0,0,0,0,0,0
CLOUT,0,0,0,0,0,0,0,0,0,0,0,0
CLOVE,0,0,0,0,0,0,0,0,0,0,0,0
CLOWN,0,0,0,0,0,0,0,0,0,0,0,0
CLUCK,0,0,0,0,0,0,0,0,0,0,0,0
CLUED,0,0,0,0,0,0,0,0,0,0,0,0
CLUMP,0,0,0,0,0,0,0,0,0,0,0,0
CLUNG,0,0,0,0,0,0,0,0,0,0,0,0
COACH,0,0,0,0,0,0,0,0,0,0,0,0
COAST,0,0,0,0,0,0,0,0,0,0,0,0
COBRA,0,0,0,0,0,0,0,0,0,0,0,0
COCOA,0,0,0,0,0,0,0,0,0,0,0,0
COLON,0,0,0,0,0,0,0,0,0,0,0,0
COLOR,0,0,0,0,0,0,0,0,0,0,0,0
COMET,0,0,0,0,0,0,0,0,0,0,0,0
COMFY,0,0,0,0,0,0,0,0,0,0,0,0
COMIC,0,0,0,0,0,0,0,0,0,0,0,0
COMMA,0,0,0,0,0,0,0,0,0,0,0,0
CONCH,0,0,0,0,0,0,0,0,0,0,0,0
CONDO,0,0,0,0,0,0,0,0,0,0,0,0
CONIC,0,0,0,0,0,0,0,0,0,0,0,0
COPSE,0,0,0,0,0,0,0,0,0,0,0,0
CORAL,0,0,0,0,0,0,0,0,0,0,0,0
CORER,0,0,0,0,0,0,0,0,0,0,0,0
CORNY,0,0,0,0,0,0,0,0,0,0,0,0
COUCH,0,0,0,0,0,0,0,0,0,0,0,0
COUGH,0,0,0,0,0,0,0,0,0,0,0,0
COULD,0,0,0,0,0,0,0,0,0,0,0,0
COUNT,0,0,0,0,0,0,0,0,0,0,0,0
COUPE,0,0,0,0,0,0,0,0,0,0,0,0
COURT,0,0,0,0,0,0,0,0,0,0,0,0
COVEN,0,0,0,0,0,0,0,0,0,0,0,0
COVER,0,0,0,0,0,0,0,0,0,0,0,0
COVET,0,0,0,0,0,0,0,0,0,0,0,0
COVEY,0,0,0,0,0,0,0,0,0,0,0,0
COWER,0,0,0,0,0,0,0,0,0,0,0,0
COYLY,0,0,0,0,0,0,0,0,0,0,0,0
CRACK,0,0,0,0,0,0,0,0,0,0,0,0
CRAFT,0,0,0,0,0,0,0,0,0,0,0,0
CRAMP,0,0,0,0,0,0,0,0,0,0,0,0
CRANE,0,0,0,0,0,0,0,0,0,0,0,0
CRANK,0,0,0,0,0,0,0,0,0,0,0,0
CRASH,0,0,0,0,0,0,0,0,0,0,0,0
CRASS,0,0,0,0,0,0,0,0,0,0,0,0
CRATE,0,0,0,0,0,0,0,0,0,0,0,0
CRAVE,0,0,0,0,0,0,0,0,0,0,0,0
CRAWL,0,0,0,0,0,0,0,0,0,0,0,0
CRAZE,0,0,0,0,0,0,0,0,0,0,0,0
CRAZY,0,0,0,0,0,0,0,0,0,0,0,0
CREAK,0,0,0,0,0,0,0,0,0,0,0,0
CREAM,0,0,0,0,0,0,0,0,0,0,0,0
CREDO,0,0,0,0,0,0,0,0,0,0,0,0
CREED,0,0,0,0,0,0,0,0,0,0,0,0
CREEK,0,0,0,0,0,0,0,0,0,0,0,0
CREEP,0,0,0,0,0,0,0,0,0,0,0,0
CREME,0,0,0,0,0,0,0,0,0,0,0,0
CREPE,0,0,0,0,0,0,0,0,0,0,0,0
CREPT,0,0,0,0,0,0,0,0,0,0,0,0
CRESS,0,0,0,0,0,0,0,0,0,0,0,0
CREST,0,0,0,0,0,0,0,0,0,0,0,0
CRICK,0,0,0,0,0,0,0,0,0,0,0,0
CRIED,0,0,0,0,0,0,0,0,0,0,0,0
CRIER,0,0,0,0,0,0,0,0,0,0,0,0
CRIME,0,0,0,0,0,0,0,0,0,0,0,0
CRIMP,0,0,0,0,0,0,0,0,0,0,0,0
CRISP,0,0,0,0,0,0,0,0,0,0,0,0
CROAK,0,0,0,0,0,0,0,0,0,0,0,0
CROCK,0,0,0,0,0,0,0,0,0,0,0,0
CRONE,0,0,0,0,0,0,0,0,0,0,0,0
CRONY,0,0,0,0,0,0,0,0,0,0,0,0
CROOK,0,0,0,0,0,0,0,0,0,0,0,0
CROSS,0,0,0,0,0,0,0,0,0,0,0,0
CROUP,0,0,0,0,0,0,0,0,0,0,0,0
CROWD,0,0,0,0,0,0,0,0,0,0,0,0
CROWN,0,0,0,0,0,0,0,0,0,0,0,0
CRUDE,0,0,0,0,0,0,0,0,0,0,0,0
CRUEL,0,0,0,0,0,0,0,0,0,0,0,0
CRUMB,0,0,0,0,0,0,0,0,0,0,0,0
CRUMP,0,0,0,0,0,0,0,0,0,0,0,0
CRUSH,0,0,0,0,0,0,0,0,0,0,0,0
CRUST,0,0,0,0,0,0,0,0,0,0,0,0
CRYPT,0,0,0,0,0,0,0,0,0,0,0,0
CUBIC,0,0,0,0,0,0,0,0,0,0,0,0
CUMIN,0,0,0,0,0,0,0,0,0,0,0,0
CURIO,0,0,0,0,0,0,0,0,0,0,0,0
CURLY,0,0,0,0,0,0,0,0,0,0,0,0
CURRY,0,0,0,0,0,0,0,0,0,0,0,0
CURSE,0,0,0,0,0,0,0,0,0,0,0,0
CURVE,0,0,0,0,0,0,0,0,0,0,0,0
CURVY,0,0,0,0,0,0,0,0,0,0,0,0
CUTIE,0,0,0,0,0,0,0,0,0,0,0,0
CYBER,0,0,0,0,0,0,0,0,0,0,0,0
CYCLE,0,0,0,0,0,0,0,0,0,0,0,0
CYNIC,0,0,0,0,0,0,0,0,0,0,0,0
DADDY,0,0,0,0,0,0,0,0,0,0,0,0
DAILY,0,0,0,0,0,0,0,0,0,0,0,0
DAIRY,0,0,0,0,0,0,0,0,0,0,0,0
DAISY,0,0,0,0,0,0,0,0,0,0,0,0
DALLY,0,0,0,0,0,0,0,0,0,0,0,0
DANCE,0,0,0,0,0,0,0,0,0,0,0,0
DANDY,0,0,0,0,0,0,0,0,0,0,0,0
DATUM,0,0,0,0,0,0,0,0,0,0,0,0
DAUNT,0,0,0,0,0,0,0,0,0,0,0,0
DEALT,0,0,0,0,0,0,0,0,0,0,0,0
DEATH,0,0,0,0,0,0,0,0,0,0,0,0
DEBAR,0,0,0,0,0,0,0,0,0,0,0,0
DEBIT,0,0,0,0,0,0,0,0,0,0,0,0
DEBUG,0,0,0,0,0,0,0,0,0,0,0,0
DEBUT,0,0,0,0,0,0,0,0,0,0,0,0
DECAL,0,0,0,0,0,0,0,0,0,0,0,0
DECAY,0,0,0,0,0,0,0,0,0,0,0,0
DECOR,0,0,0,0,0,0,0,0,0,0,0,0
DECOY,0,0,0,0,0,0,0,0,0,0,0,0
DECRY,0,0,0,0,0,0,0,0,0,0,0,0
DEFER,0,0,0,0,0,0,0,0,0,0,0,0
DEIGN,0,0,0,0,0,0,0,0,0,0,0,0
DEITY,0,0,0,0,0,0,0,0,0,0,0,0
DELAY,0,0,0,0,0,0,0,0,0,0,0,0
DELTA,0,0,0,0,0,0,0,0,0,0,0,0
DELVE,0,0,0,0,0,0,0,0,0,0,0,0
DEMON,0,0,0,0,0,0,0,0,0,0,0,0
DEMUR,0,0,0,0,0,0,0,0,0,0,0,0
DENIM,0,0,0,0,0,0,0,0,0,0,0,0
DENSE,0,0,0,0,0,0,0,0,0,0,0,0
DEPOT,0,0,0,0,0,0,0,0,0,0,0,0
DEPTH,0,0,0,0,0,0,0,0,0,0,0,0
DERBY,0,0,0,0,0,0,0,0,0,0,0,0
DETER,0,0,0,0,0,0,0,0,0,0,0,0
DETOX,0,0,0,0,0,0,0,0,0,0,0,0
DEUCE,0,0,0,0,0,0,0,0,0,0,0,0
DEVIL,0,0,0,0,0,0,0,0,0,0,0,0
DIARY,0,0,0,0,0,0,0,0,0,0,0,0
DICEY,0,0,0,0,0,0,0,0,0,0,0,0
DIGIT,0,0,0,0,0,0,0,0,0,0,0,0
DILLY,0,0,0,0,0,0,0,0,0,0,0,0
DIMLY,0,0,0,0,0,0,0,0,0,0,0,0
DINER,0,0,0,0,0,0,0,0,0,0,0,0
DINGO,0,0,0,0,0,0,0,0,0,0,0,0
DINGY,0,0,0,0,0,0,0,0,0,0,0,0
DIODE,0,0,0,0,0,0,0,0,0,0,0,0
DIRGE,0,0,0,0,0,0,0,0,0,0,0,0
DIRTY,0,0,0,0,0,0,0,0,0,0,0,0
DISCO,0,0,0,0,0,0,0,0,0,0,0,0
DITCH,0,0,0,0,0,0,0,0,0,0,0,0
DITTO,0,0,0,0,0,0,0,0,0,0,0,0
DITTY,0,0,0,0,0,0,0,0,0,0,0,0
DIVER,0,0,0,0,0,0,0,0,0,0,0,0
DIZZY,0,0,0,0,0,0,0,0,0,0,0,0
DODGE,0,0,0,0,0,0,0,0,0,0,0,0
DODGY,0,0,0,0,0,0,0,0,0,0,0,0
DOGMA,0,0,0,0,0,0,0,0,0,0,0,0
DOING,0,0,0,0,0,0,0,0,0,0,0,0
DOLLY,0,0,0,0,0,0,0,0,0,0,0,0
DONOR,0,0,0,0,0,0,0,0,0,0,0,0
DONUT,0,0,0,0,0,0,0,0,0,0,0,0
DOPEY,0,0,0,0,0,0,0,0,0,0,0,0
DOUBT,0,0,0,0,0,0,0,0,0,0,0,0
DOUGH,0,0,0,0,0,0,0,0,0,0,0,0
DOWDY,0,0,0,0,0,0,0,0,0,0,0,0
DOWEL,0,0,0,0,0,0,0,0,0,0,0,0
DOWNY,0,0,0,0,0,0,0,0,0,0,0,0
DOWRY,0,0,0,0,0,0,0,0,0,0,0,0
DOZEN,0,0,0,0,0,0,0,0,0,0,0,0
DRAFT,0,0,0,0,0,0,0,0,0,0,0,0
DRAIN,0,0,0,0,0,0,0,0,0,0,0,0
DRAKE,0,0,0,0,0,0,0,0,0,0,0,0
DRAMA,0,0,0,0,0,0,0,0,0,0,0,0
DRANK,0,0,0,0,0,0,0,0,0,0,0,0
DRAPE,0,0,0,0,0,0,0,0,0,0,0,0
DRAWL,0,0,0,0,0,0,0,0,0,0,0,0
DRAWN,0,0,0,0,0,0,0,0,0,0,0,0
DREAD,0,0,0,0,0,0,0,0,0,0,0,0
DREAM,0,0,0,0,0,0,0,0,0,0,0,0
DRESS,0,0,0,0,0,0,0,0,0,0,0,0
DRIED,0,0,0,0,0,0,0,0,0,0,0,0
DRIER,0,0,0,0,0,0,0,0,0,0,0,0
DRIFT,0,0,0,0,0,0,0,0,0,0,0,0
DRILL,0,0,0,0,0,0,0,0,0,0,0,0
DRINK,0,0,0,0,0,0,0,0,0,0,0,0
DRIVE,0,0,0,0,0,0,0,0,0,0,0,0
DROIT,0,0,0,0,0,0,0,0,0,0,0,0
DROLL,0,0,0,0,0,0,0,0,0,0,0,0
DRONE,0,0,0,0,0,0,0,0,0,0,0,0
DROOL,0,0,0,0,0,0,0,0,0,0,0,0
DROOP,0,0,0,0,0,0,0,0,0,0,0,0
DROSS,0,0,0,0,0,0,0,0,0,0,0,0
DROVE,0,0,0,0,0,0,0,0,0,0,0,0
DROWN,0,0,0,0,0,0,0,0,0,0,0,0
DRUID,0,0,0,0,0,0,0,0,0,0,0,0
DRUNK,0,0,0,0,0,0,0,0,0,0,0,0
DRYER,0,0,0,0,0,0,0,0,0,0,0,0
DRYLY,0,0,0,0,0,0,0,0,0,0,0,0
DUCHY,0,0,0,0,0,0,0,0,0,0,0,0
DULLY,0,0,0,0,0,0,0,0,0,0,0,0
DUMMY,0,0,0,0,0,0,0,0,0,0,0,0
DUMPY,0,0,0,0,0,0,0,0,0,0,0,0
DUNCE,0,0,0,0,0,0,0,0,0,0,0,0
DUSKY,0,0,0,0,0,0,0,0,0,0,0,0
DUSTY,0,0,0,0,0,0,0,0,0,0,0,0
DUTCH,0,0,0,0,0,0,0,0,0,0,0,0
DUVET,0,0,0,0,0,0,0,0,0,0,0,0
DWARF,0,0,0,0,0,0,0,0,0,0,0,0
DWELL,0,0,0,0,0,0,0,0,0,0,0,0
DWELT,0,0,0,0,0,0,0,0,0,0,0,0
DYING,0,0,0,0,0,0,0,0,0,0,0,0
EAGER,0,0,0,0,0,0,0,0,0,0,0,0
EAGLE,0,0,0,0,0,0,0,0,0,0,0,0
EARLY,0,0,0,0,0,0,0,0,0,0,0,0
EARTH,0,0,0,0,0,0,0,0,0,0,0,0
EASEL,0,0,0,0,0,0,0,0,0,0,0,0
EATEN,0,0,0,0,0,0,0,0,0,0,0,0
EATER,0,0,0,0,0,0,0,0,0,0,0,0
EBONY,0,0,0,0,0,0,0,0,0,0,0,0
ECLAT,0,0,0,0,0,0,0,0,0,0,0,0
EDICT,0,0,0,0,0,0,0,0,0,0,0,0
EDIFY,0,0,0,0,0,0,0,0,0,0,0,0
EERIE,0,0,0,0,0,0,0,0,0,0,0,0
EGRET,0,0,0,0,0,0,0,0,0,0,0,0
EIGHT,0,0,0,0,0,0,0,0,0,0,0,0
EJECT,0,0,0,0,0,0,0,0,0,0,0,0
EKING,0,0,0,0,0,0,0,0,0,0,0,0
ELATE,0,0,0,0,0,0,0,0,0,0,0,0
ELBOW,0,0,0,0,0,0,0,0,0,0,0,0
ELDER,0,0,0,0,0,0,0,0,0,0,0,0
ELECT,0,0,0,0,0,0,0,0,0,0,0,0
ELEGY,0,0,0,0,0,0,0,0,0,0,0,0
ELFIN,0,0,0,0,0,0,0,0,0,0,0,0
ELIDE,0,0,0,0,0,0,0,0,0,0,0,0
ELITE,0,0,0,0,0,0,0,0,0,0,0,0
ELOPE,0,0,0,0,0,0,0,0,0,0,0,0
ELUDE,0,0,0,0,0,0,0,0,0,0,0,0
EMAIL,0,0,0,0,0,0,0,0,0,0,0,0
EMBED,0,0,0,0,0,0,0,0,0,0,0,0
EMBER,0,0,0,0,0,0,0,0,0,0,0,0
EMCEE,0,0,0,0,0,0,0,0,0,0,0,0
EMPTY,0,0,0,0,0,0,0,0,0,0,0,0
ENACT,0,0,0,0,0,0,0,0,0,0,0,0
ENDOW,0,0,0,0,0,0,0,0,0,0,0,0
ENEMA,0,0,0,0,0,0,0,0,0,0,0,0
ENEMY,0,0,0,0,0,0,0,0,0,0,0,0
ENJOY,0,0,0,0,0,0,0,0,0,0,0,0
ENNUI,0,0,0,0,0,0,0,0,0,0,0,0
ENSUE,0,0,0,0,0,0,0,0,0,0,0,0
ENTER,0,0,0,0,0,0,0,0,0,0,0,0
ENTRY,0,0,0,0,0,0,0,0,0,0,0,0
ENVOY,0,0,0,0,0,0,0,0,0,0,0,0
EPOCH,0,0,0,0,0,0,0,0,0,0,0,0
EPOXY,0,0,0,0,0,0,0,0,0,0,0,0
EQUAL,0,0,0,0,0,0,0,0,0,0,0,0
EQUIP,0,0,0,0,0,0,0,0,0,0,0,0
ERASE,0,0,0,0,0,0,0,0,0,0,0,0
ERECT,0,0,0,0,0,0,0,0,0,0,0,0
ERODE,0,0,0,0,0,0,0,0,0,0,0,0
ERROR,0,0,0,0,0,0,0,0,0,0,0,0
ERUPT,0,0,0,0,0,0,0,0,0,0,0,0
ESSAY,0,0,0,0,0,0,0,0,0,0,0,0
ESTER,0,0,0,0,0,0,0,0,0,0,0,0
ETHER,0,0,0,0,0,0,0,0,0,0,0,0
ETHIC,0,0,0,0,0,0,0,0,0,0,0,0
ETHOS,0,0,0,0,0,0,0,0,0,0,0,0
ETUDE,0,0,0,0,0,0,0,0,0,0,0,0
EVADE,0,0,0,0,0,0,0,0,0,0,0,0
EVENT,0,0,0,0,0,0,0,0,0,0,0,0
EVERY,0,0,0,0,0,0,0,0,0,0,0,0
EVICT,0,0,0,0,0,0,0,0,0,0,0,0
EVOKE,0,0,0,0,0,0,0,0,0,0,0,0
EXACT,0,0,0,0,0,0,0,0,0,0,0,0
EXALT,0,0,0,0,0,0,0,0,0,0,0,0
EXCEL,0,0,0,0,0,0,0,0,0,0,0,0
EXERT,0,0,0,0,0,0,0,0,0,0,0,0
EXILE,0,0,0,0,0,0,0,0,0,0,0,0
EXIST,0,0,0,0,0,0,0,0,0,0,0,0
EXPEL,0,0,0,0,0,0,0,0,0,0,0,0
EXTOL,0,0,0,0,0,0,0,0,0,0,0,0
EXTRA,0,0,0,0,0,0,0,0,0,0,0,0
EXULT,0,0,0,0,0,0,0,0,0,0,0,0
EYING,0,0,0,0,0,0,0,0,0,0,0,0
FABLE,0,0,0,0,0,0,0,0,0,0,0,0
FACET,0,0,0,0,0,0,0,0,0,0,0,0
FAINT,0,0,0,0,0,0,0,0,0,0,0,0
FAIRY,0,0,0,0,0,0,0,0,0,0,0,0
FAITH,0,0,0,0,0,0,0,0,0,0,0,0
FALSE,0,0,0,0,0,0,0,0,0,0,0,0
FANCY,0,0,0,0,0,0,0,0,0,0,0,0
FANNY,0,0,0,0,0,0,0,0,0,0,0,0
FARCE,0,0,0,0,0,0,0,0,0,0,0,0
FATAL,0,0,0,0,0,0,0,0,0,0,0,0
FATTY,0,0,0,0,0,0,0,0,0,0,0,0
FAULT,0,0,0,0,0,0,0,0,0,0,0,0
FAUNA,0,0,0,0,0,0,0,0,0,0,0,0
FAVOR,0,0,0,0,0,0,0,0,0,0,0,0
FEAST,0,0,0,0,0,0,0,0,0,0,0,0
FECAL,0,0,0,0,0,0,0,0,0,0,0,0
FEIGN,0,0,0,0,0,0,0,0,0,0,0,0
FELLA,0,0,0,0,0,0,0,0,0,0,0,0
FELON,0,0,0,0,0,0,0,0,0,0,0,0
FEMME,0,0,0,0,0,0,0,0,0,0,0,0
FEMUR,0,0,0,0,0,0,0,0,0,0,0,0
FENCE,0,0,0,0,0,0,0,0,0,0,0,0
FERAL,0,0,0,0,0,0,0,0,0,0,0,0
FERRY,0,0,0,0,0,0,0,0,0,0,0,0
FETAL,0,0,0,0,0,0,0,0,0,0,0,0
FETCH,0,0,0,0,0,0,0,0,0,0,0,0
FETID,0,0,0,0,0,0,0,0,0,0,0,0
FETUS,0,0,0,0,0,0,0,0,0,0,0,0
FEVER,0,0,0,0,0,0,0,0,0,0,0,0
FEWER,0,0,0,0,0,0,0,0,0,0,0,0
FIBER,0,0,0,0,0,0,0,0,0,0,0,0
FICUS,0,0,0,0,0,0,0,0,0,0,0,0
FIELD,0,0,0,0,0,0,0,0,0,0,0,0
FIEND,0,0,0,0,0,0,0,0,0,0,0,0
FIERY,0,0,0,0,0,0,0,0,0,0,0,0
FIFTH,0,0,0,0,0,0,0,0,0,0,0,0
FIFTY,0,0,0,0,0,0,0,0,0,0,0,0
FIGHT,0,0,0,0,0,0,0,0,0,0,0,0
FILER,0,0,0,0,0,0,0,0,0,0,0,0
FILET,0,0,0,0,0,0,0,0,0,0,0,0
FILLY,0,0,0,0,0,0,0,0,0,0,0,0
FILMY,0,0,0,0,0,0,0,0,0,0,0,0
FILTH,0,0,0,0,0,0,0,0,0,0,0,0
FINAL,0,0,0,0,0,0,0,0,0,0,0,0
FINCH,0,0,0,0,0,0,0,0,0,0,0,0
FINER,0,0,0,0,0,0,0,0,0,0,0,0
FIRST,0,0,0,0,0,0,0,0,0,0,0,0
FISHY,0,0,0,0,0,0,0,0,0,0,0,0
FIXER,0,0,0,0,0,0,0,0,0,0,0,0
FIZZY,0,0,0,0,0,0,0,0,0,0,0,0
FJORD,0,0,0,0,0,0,0,0,0,0,0,0
FLACK,0,0,0,0,0,0,0,0,0,0,0,0
FLAIL,0,0,0,0,0,0,0,0,0,0,0,0
FLAIR,0,0,0,0,0,0,0,0,0,0,0,0
FLAKE,0,0,0,0,0,0,0,0,0,0,0,0
FLAKY,0,0,0,0,0,0,0,0,0,0,0,0
FLAME,0,0,0,0,0,0,0,0,0,0,0,0
FLANK,0,0,0,0,0,0,0,0,0,0,0,0
FLARE,0,0,0,0,0,0,0,0,0,0,0,0
FLASH,0,0,0,0,0,0,0,0,0,0,0,0
FLASK,0,0,0,0,0,0,0,0,0,0,0,0
FLECK,0,0,0,0,0,0,0,0,0,0,0,0
FLEET,0,0,0,0,0,0,0,0,0,0,0,0
FLESH,0,0,0,0,0,0,0,0,0,0,0,0
FLICK,0,0,0,0,0,0,0,0,0,0,0,0
FLIER,0,0,0,0,0,0,0,0,0,0,0,0
FLING,0,0,0,0,0,0,0,0,0,0,0,0
FLINT,0,0,0,0,0,0,0,0,0,0,0,0
FLIRT,0,0,0,0,0,0,0,0,0,0,0,0
FLOAT,0,0,0,0,0,0,0,0,0,0,0,0
FLOCK,0,0,0,0,0,0,0,0,0,0,0,0
FLOOD,0,0,0,0,0,0,0,0,0,0,0,0
FLOOR,0,0,0,0,0,0,0,0,0,0,0,0
FLORA,0,0,0,0,0,0,0,0,0,0,0,0
FLOSS,0,0,0,0,0,0,0,0,0,0,0,0
FLOUR,0,0,0,0,0,0,0,0,0,0,0,0
FLOUT,0,0,0,0,0,0,0,0,0,0,0,0
FLOWN,0,0,0,0,0,0,0,0,0,0,0,0
FLUFF,0,0,0,0,0,0,0,0,0,0,0,0
FLUID,0,0,0,0,0,0,0,0,0,0,0,0
FLUKE,0,0,0,0,0,0,0,0,0,0,0,0
FLUME,0,0,0,0,0,0,0,0,0,0,0,0
FLUNG,0,0,0,0,0,0,0,0,0,0,0,0
FLUNK,0,0,0,0,0,0,0,0,0,0,0,0
FLUSH,0,0,0,0,0,0,0,0,0,0,0,0
FLUTE,0,0,0,0,0,0,0,0,0,0,0,0
FLYER,0,0,0,0,0,0,0,0,0,0,0,0
FOAMY,0,0,0,0,0,0,0,0,0,0,0,0
FOCAL,0,0,0,0,0,0,0,0,0,0,0,0
FOCUS,0,0,0,0,0,0,0,0,0,0,0,0
FOGGY,0,0,0,0,0,0,0,0,0,0,0,0
FOIST,0,0,0,0,0,0,0,0,0,0,0,0
FOLIO,0,0,0,0,0,0,0,0,0,0,0,0
FOLLY,0,0,0,0,0,0,0,0,0,0,0,0
FORAY,0,0,0,0,0,0,0,0,0,0,0,0
FORCE,0,0,0,0,0,0,0,0,0,0,0,0
FORGE,0,0,0,0,0,0,0,0,0,0,0,0
FORGO,0,0,0,0,0,0,0,0,0,0,0,0
FORTE,0,0,0,0,0,0,0,0,0,0,0,0
FORTH,0,0,0,0,0,0,0,0,0,0,0,0
FORTY,0,0,0,0,0,0,0,0,0,0,0,0
FORUM,0,0,0,0,0,0,0,0,0,0,0,0
FOUND,0,0,0,0,0,0,0,0,0,0,0,0
FOYER,0,0,0,0,0,0,0,0,0,0,0,0
FRAIL,0,0,0,0,0,0,0,0,0,0,0,0
FRAME,0,0,0,0,0,0,0,0,0,0,0,0
FRANK,0,0,0,0,0,0,0,0,0,0,0,0
FRAUD,0,0,0,0,0,0,0,0,0,0,0,0
FREAK,0,0,0,0,0,0,0,0,0,0,0,0
FREED,0,0,0,0,0,0,0,0,0,0,0,0
FREER,0,0,0,0,0,0,0,0,0,0,0,0
FRESH,0,0,0,0,0,0,0,0,0,0,0,0
FRIAR,0,0,0,0,0,0,0,0,0,0,0,0
FRIED,0,0,0,0,0,0,0,0,0,0,0,0
FRILL,0,0,0,0,0,0,0,0,0,0,0,0
FRISK,0,0,0,0,0,0,0,0,0,0,0,0
FRITZ,0,0,0,0,0,0,0,0,0,0,0,0
FROCK,0,0,0,0,0,0,0,0,0,0,0,0
FROND,0,0,0,0,0,0,0,0,0,0,0,0
FRONT,0,0,0,0,0,0,0,0,0,0,0,0
FROST,0,0,0,0,0,0,0,0,0,0,0,0
FROTH,0,0,0,0,0,0,0,0,0,0,0,0
FROWN,0,0,0,0,0,0,0,0,0,0,0,0
FROZE,0,0,0,0,0,0,0,0,0,0,0,0
FRUIT,0,0,0,0,0,0,0,0,0,0,0,0
FUDGE,0,0,0,0,0,0,0,0,0,0,0,0
FUGUE,0,0,0,0,0,0,0,0,0,0,0,0
FULLY,0,0,0,0,0,0,0,0,0,0,0,0
FUNGI,0,0,0,0,0,0,0,0,0,0,0,0
FUNKY,0,0,0,0,0,0,0,0,0,0,0,0
FUNNY,0,0,0,0,0,0,0,0,0,0,0,0
FUROR,0,0,0,0,0,0,0,0,0,0,0,0
FURRY,0,0,0,0,0,0,0,0,0,0,0,0
FUSSY,0,0,0,0,0,0,0,0,0,0,0,0
FUZZY,0,0,0,0,0,0,0,0,0,0,0,0
GAFFE,0,0,0,0,0,0,0,0,0,0,0,0
GAILY,0,0,0,0,0,0,0,0,0,0,0,0
GAMER,0,0,0,0,0,0,0,0,0,0,0,0
GAMMA,0,0,0,0,0,0,0,0,0,0,0,0
GAMUT,0,0,0,0,0,0,0,0,0,0,0,0
GASSY,0,0,0,0,0,0,0,0,0,0,0,0
GAUDY,0,0,0,0,0,0,0,0,0,0,0,0
GAUGE,0,0,0,0,0,0,0,0,0,0,0,0
GAUNT,0,0,0,0,0,0,0,0,0,0,0,0
GAUZE,0,0,0,0,0,0,0,0,0,0,0,0
GAVEL,0,0,0,0,0,0,0,0,0,0,0,0
GAWKY,0,0,0,0,0,0,0,0,0,0,0,0
GAYER,0,0,0,0,0,0,0,0,0,0,0,0
GAYLY,0,0,0,0,0,0,0,0,0,0,0,0
GAZER,0,0,0,0,0,0,0,0,0,0,0,0
GECKO,0,0,0,0,0,0,0,0,0,0,0,0
GEEKY,0,0,0,0,0,0,0,0,0,0,0,0
GEESE,0,0,0,0,0,0,0,0,0,0,0,0
GENIE,0,0,0,0,0,0,0,0,0,0,0,0
GENRE,0,0,0,0,0,0,0,0,0,0,0,0
GHOST,0,0,0,0,0,0,0,0,0,0,0,0
GHOUL,0,0,0,0,0,0,0,0,0,0,0,0
GIANT,0,0,0,0,0,0,0,0,0,0,0,0
GIDDY,0,0,0,0,0,0,0,0,0,0,0,0
GIPSY,0,0,0,0,0,0,0,0,0,0,0,0
GIRLY,0,0,0,0,0,0,0,0,0,0,0,0
GIRTH,0,0,0,0,0,0,0,0,0,0,0,0
GIVEN,0,0,0,0,0,0,0,0,0,0,0,0
GIVER,0,0,0,0,0,0,0,0,0,0,0,0
GLADE,0,0,0,0,0,0,0,0,0,0,0,0
GLAND,0,0,0,0,0,0,0,0,0,0,0,0
GLARE,0,0,0,0,0,0,0,0,0,0,0,0
GLASS,0,0,0,0,0,0,0,0,0,0,0,0
GLAZE,0,0,0,0,0,0,0,0,0,0,0,0
GLEAM,0,0,0,0,0,0,0,0,0,0,0,0
GLEAN,0,0,0,0,0,0,0,0,0,0,0,0
GLIDE,0,0,0,0,0,0,0,0,0,0,0,0
GLINT,0,0,0,0,0,0,0,0,0,0,0,0
GLOAT,0,0,0,0,0,0,0,0,0,0,0,0
GLOBE,0,0,0,0,0,0,0,0,0,0,0,0
GLOOM,0,0,0,0,0,0,0,0,0,0,0,0
GLORY,0,0,0,0,0,0,0,0,0,0,0,0
GLOSS,0,0,0,0,0,0,0,0,0,0,0,0
GLOVE,0,0,0,0,0,0,0,0,0,0,0,0
GLYPH,0,0,0,0,0,0,0,0,0,0,0,0
GNASH,0,0,0,0,0,0,0,0,0,0,0,0
GNOME,0,0,0,0,0,0,0,0,0,0,0,0
GODLY,0,0,0,0,0,0,0,0,0,0,0,0
GOING,0,0,0,0,0,0,0,0,0,0,0,0
GOLEM,0,0,0,0,0,0,0,0,0,0,0,0
GOLLY,0,0,0,0,0,0,0,0,0,0,0,0
GONAD,0,0,0,0,0,0,0,0,0,0,0,0
GONER,0,0,0,0,0,0,0,0,0,0,0,0
GOODY,0,0,0,0,0,0,0,0,0,0,0,0
GOOEY,0,0,0,0,0,0,0,0,0,0,0,0
GOOFY,0,0,0,0,0,0,0,0,0,0,0,0
GOOSE,0,0,0,0,0,0,0,0,0,0,0,0
GORGE,0,0,0,0,0,0,0,0,0,0,0,0
GOUGE,0,0,0,0,0,0,0,0,0,0,0,0
GOURD,0,0,0,0,0,0,0,0,0,0,0,0
GRACE,0,0,0,0,0,0,0,0,0,0,0,0
GRADE,0,0,0,0,0,0,0,0,0,0,0,0
GRAFT,0,0,0,0,0,0,0,0,0,0,0,0
GRAIL,0,0,0,0,0,0,0,0,0,0,0,0
GRAIN,0,0,0,0,0,0,0,0,0,0,0,0
GRAND,0,0,0,0,0,0,0,0,0,0,0,0
GRANT,0,0,0,0,0,0,0,0,0,0,0,0
GRAPE,0,0,0,0,0,0,0,0,0,0,0,0
GRAPH,0,0,0,0,0,0,0,0,0,0,0,0
GRASP,0,0,0,0,0,0,0,0,0,0,0,0
GRASS,0,0,0,0,0,0,0,0,0,0,0,0
GRATE,0,0,0,0,0,0,0,0,0,0,0,0
GRAVE,0,0,0,0,0,0,0,0,0,0,0,0
GRAVY,0,0,0,0,0,0,0,0,0,0,0,0
GRAZE,0,0,0,0,0,0,0,0,0,0,0,0
GREAT,0,0,0,0,0,0,0,0,0,0,0,0
GREED,0,0,0,0,0,0,0,0,0,0,0,0
GREEN,0,0,0,0,0,0,0,0,0,0,0,0
GREET,0,0,0,0,0,0,0,0,0,0,0,0
GRIEF,0,0,0,0,0,0,0,0,0,0,0,0
GRILL,0,0,0,0,0,0,0,0,0,0,0,0
GRIME,0,0,0,0,0,0,0,0,0,0,0,0
GRIMY,0,0,0,0,0,0,0,0,0,0,0,0
GRIND,0,0,0,0,0,0,0,0,0,0,0,0
GRIPE,0,0,0,0,0,0,0,0,0,0,0,0
GROAN,0,0,0,0,0,0,0,0,0,0,0,0
GROIN,0,0,0,0,0,0,0,0,0,0,0,0
GROOM,0,0,0,0,0,0,0,0,0,0,0,0
GROPE,0,0,0,0,0,0,0,0,0,0,0,0
GROSS,0,0,0,0,0,0,0,0,0,0,0,0
GROUP,0,0,0,0,0,0,0,0,0,0,0,0
GROUT,0,0,0,0,0,0,0,0,0,0,0,0
GROVE,0,0,0,0,0,0,0,0,0,0,0,0
GROWL,0,0,0,0,0,0,0,0,0,0,0,0
GROWN,0,0,0,0,0,0,0,0,0,0,0,0
GRUEL,0,0,0,0,0,0,0,0,0,0,0,0
GRUFF,0,0,0,0,0,0,0,0,0,0,0,0
GRUNT,0,0,0,0,0,0,0,0,0,0,0,0
GUARD,0,0,0,0,0,0,0,0,0,0,0,0
GUAVA,0,0,0,0,0,0,0,0,0,0,0,0
GUESS,0,0,0,0,0,0,0,0,0,0,0,0
GUEST,0,0,0,0,0,0,0,0,0,0,0,0
GUIDE,0,0,0,0,0,0,0,0,0,0,0,0
GUILD,0,0,0,0,0,0,0,0,0,0,0,0
GUILE,0,0,0,0,0,0,0,0,0,0,0,0
GUILT,0,0,0,0,0,0,0,0,0,0,0,0
GUISE,0,0,0,0,0,0,0,0,0,0,0,0
GULCH,0,0,0,0,0,0,0,0,0,0,0,0
GULLY,0,0,0,0,0,0,0,0,0,0,0,0
GUMBO,0,0,0,0,0,0,0,0,0,0,0,0
GUMMY,0,0,0,0,0,0,0,0,0,0,0,0
GUPPY,0,0,0,0,0,0,0,0,0,0,0,0
GUSTO,0,0,0,0,0,0,0,0,0,0,0,0
GUSTY,0,0,0,0,0,0,0,0,0,0,0,0
GYPSY,0,0,0,0,0,0,0,0,0,0,0,0
HABIT,0,0,0,0,0,0,0,0,0,0,0,0
HAIRY,0,0,0,0,0,0,0,0,0,0,0,0
HALVE,0,0,0,0,0,0,0,0,0,0,0,0
HANDY,0,0,0,0,0,0,0,0,0,0,0,0
HAPPY,0,0,0,0,0,0,0,0,0,0,0,0
HARDY,0,0,0,0,0,0,0,0,0,0,0,0
HAREM,0,0,0,0,0,0,0,0,0,0,0,0
HARPY,0,0,0,0,0,0,0,0,0,0,0,0
HARRY,0,0,0,0,0,0,0,0,0,0,0,0
HARSH,0,0,0,0,0,0,0,0,0,0,0,0
HASTE,0,0,0,0,0,0,0,0,0,0,0,0
HASTY,0,0,0,0,0,0,0,0,0,0,0,0
HATCH,0,0,0,0,0,0,0,0,0,0,0,0
HATER,0,0,0,0,0,0,0,0,0,0,0,0
HAUNT,0,0,0,0,0,0,0,0,0,0,0,0
HAUTE,0,0,0,0,0,0,0,0,0,0,0,0
HAVEN,0,0,0,0,0,0,0,0,0,0,0,0
HAVOC,0,0,0,0,0,0,0,0,0,0,0,0
HAZEL,0,0,0,0,0,0,0,0,0,0,0,0
HEADY,0,0,0,0,0,0,0,0,0,0,0,0
HEARD,0,0,0,0,0,0,0,0,0,0,0,0
HEART,0,0,0,0,0,0,0,0,0,0,0,0
HEATH,0,0,0,0,0,0,0,0,0,0,0,0
HEAVE,0,0,0,0,0,0,0,0,0,0,0,0
HEAVY,0,0,0,0,0,0,0,0,0,0,0,0
HEDGE,0,0,0,0,0,0,0,0,0,0,0,0
HEFTY,0,0,0,0,0,0,0,0,0,0,0,0
HEIST,0,0,0,0,0,0,0,0,0,0,0,0
HELIX,0,0,0,0,0,0,0,0,0,0,0,0
HELLO,0,0,0,0,0,0,0,0,0,0,0,0
HENCE,0,0,0,0,0,0,0,0,0,0,0,0
HERON,0,0,0,0,0,0,0,0,0,0,0,0
HILLY,0,0,0,0,0,0,0,0,0,0,0,0
HINGE,0,0,0,0,0,0,0,0,0,0,0,0
HIPPO,0,0,0,0,0,0,0,0,0,0,0,0
HIPPY,0,0,0,0,0,0,0,0,0,0,0,0
HITCH,0,0,0,0,0,0,0,0,0,0,0,0
HOARD,0,0,0,0,0,0,0,0,0,0,0,0
HOBBY,0,0,0,0,0,0,0,0,0,0,0,0
HOIST,0,0,0,0,0,0,0,0,0,0,0,0
HOLLY,0,0,0,0,0,0,0,0,0,0,0,0
HOMER,0,0,0,0,0,0,0,0,0,0,0,0
HONEY,0,0,0,0,0,0,0,0,0,0,0,0
HONOR,0,0,0,0,0,0,0,0,0,0,0,0
HORDE,0,0,0,0,0,0,0,0,0,0,0,0
HORNY,0,0,0,0,0,0,0,0,0,0,0,0
HORSE,0,0,0,0,0,0,0,0,0,0,0,0
HOTEL,0,0,0,0,0,0,0,0,0,0,0,0
HOTLY,0,0,0,0,0,0,0,0,0,0,0,0
HOUND,0,0,0,0,0,0,0,0,0,0,0,0
HOUSE,0,0,0,0,0,0,0,0,0,0,0,0
HOVEL,0,0,0,0,0,0,0,0,0,0,0,0
HOVER,0,0,0,0,0,0,0,0,0,0,0,0
HOWDY,0,0,0,0,0,0,0,0,0,0,0,0
HUMAN,0,0,0,0,0,0,0,0,0,0,0,0
HUMID,0,0,0,0,0,0,0,0,0,0,0,0
HUMOR,0,0,0,0,0,0,0,0,0,0,0,0
HUMPH,0,0,0,0,0,0,0,0,0,0,0,0
HUMUS,0,0,0,0,0,0,0,0,0,0,0,0
HUNCH,0,0,0,0,0,0,0,0,0,0,0,0
HUNKY,0,0,0,0,0,0,0,0,0,0,0,0
HURRY,0,0,0,0,0,0,0,0,0,0,0,0
HUSKY,0,0,0,0,0,0,0,0,0,0,0,0
HUSSY,0,0,0,0,0,0,0,0,0,0,0,0
HUTCH,0,0,0,0,0,0,0,0,0,0,0,0
HYDRO,0,0,0,0,0,0,0,0,0,0,0,0
HYENA,0,0,0,0,0,0,0,0,0,0,0,0
HYMEN,0,0,0,0,0,0,0,0,0,0,0,0
HYPER,0,0,0,0,0,0,0,0,0,0,0,0
ICILY,0,0,0,0,0,0,0,0,0,0,0,0
ICING,0,0,0,0,0,0,0,0,0,0,0,0
IDEAL,0,0,0,0,0,0,0,0,0,0,0,0
IDIOM,0,0,0,0,0,0,0,0,0,0,0,0
IDIOT,0,0,0,0,0,0,0,0,0,0,0,0
IDLER,0,0,0,0,0,0,0,0,0,0,0,0
IDYLL,0,0,0,0,0,0,0,0,0,0,0,0
IGLOO,0,0,0,0,0,0,0,0,0,0,0,0
ILIAC,0,0,0,0,0,0,0,0,0,0,0,0
IMAGE,0,0,0,0,0,0,0,0,0,0,0,0
IMBUE,0,0,0,0,0,0,0,0,0,0,0,0
IMPEL,0,0,0,0,0,0,0,0,0,0,0,0
IMPLY,0,0,0,0,0,0,0,0,0,0,0,0
INANE,0,0,0,0,0,0,0,0,0,0,0,0
INBOX,0,0,0,0,0,0,0,0,0,0,0,0
INCUR,0,0,0,0,0,0,0,0,0,0,0,0
INDEX,0,0,0,0,0,0,0,0,0,0,0,0
INEPT,0,0,0,0,0,0,0,0,0,0,0,0
INERT,0,0,0,0,0,0,0,0,0,0,0,0
INFER,0,0,0,0,0,0,0,0,0,0,0,0
INGOT,0,0,0,0,0,0,0,0,0,0,0,0
INLAY,0,0,0,0,0,0,0,0,0,0,0,0
INLET,0,0,0,0,0,0,0,0,0,0,0,0
INNER,0,0,0,0,0,0,0,0,0,0,0,0
INPUT,0,0,0,0,0,0,0,0,0,0,0,0
INTER,0,0,0,0,0,0,0,0,0,0,0,0
INTRO,0,0,0,0,0,0,0,0,0,0,0,0
IONIC,0,0,0,0,0,0,0,0,0,0,0,0
IRATE,0,0,0,0,0,0,0,0,0,0,0,0
IRONY,0,0,0,0,0,0,0,0,0,0,0,0
ISLET,0,0,0,0,0,0,0,0,0,0,0,0
ISSUE,0,0,0,0,0,0,0,0,0,0,0,0
ITCHY,0,0,0,0,0,0,0,0,0,0,0,0
IVORY,0,0,0,0,0,0,0,0,0,0,0,0
JAUNT,0,0,0,0,0,0,0,0,0,0,0,0
JAZZY,0,0,0,0,0,0,0,0,0,0,0,0
JELLY,0,0,0,0,0,0,0,0,0,0,0,0
JERKY,0,0,0,0,0,0,0,0,0,0,0,0
JETTY,0,0,0,0,0,0,0,0,0,0,0,0
JEWEL,0,0,0,0,0,0,0,0,0,0,0,0
JIFFY,0,0,0,0,0,0,0,0,0,0,0,0
JOINT,0,0,0,0,0,0,0,0,0,0,0,0
JOIST,0,0,0,0,0,0,0,0,0,0,0,0
JOKER,0,0,0,0,0,0,0,0,0,0,0,0
JOLLY,0,0,0,0,0,0,0,0,0,0,0,0
JOUST,0,0,0,0,0,0,0,0,0,0,0,0
JUDGE,0,0,0,0,0,0,0,0,0,0,0,0
JUICE,0,0,0,0,0,0,0,0,0,0,0,0
JUICY,0,0,0,0,0,0,0,0,0,0,0,0
JUMBO,0,0,0,0,0,0,0,0,0,0,0,0
JUMPY,0,0,0,0,0,0,0,0,0,0,0,0
JUNTA,0,0,0,0,0,0,0,0,0,0,0,0
JUNTO,0,0,0,0,0,0,0,0,0,0,0,0
JUROR,0,0,0,0,0,0,0,0,0,0,0,0
KAPPA,0,0,0,0,0,0,0,0,0,0,0,0
KARMA,0,0,0,0,0,0,0,0,0,0,0,0
KAYAK,0,0,0,0,0,0,0,0,0,0,0,0
KEBAB,0,0,0,0,0,0,0,0,0,0,0,0
KHAKI,0,0,0,0,0,0,0,0,0,0,0,0
KINKY,0,0,0,0,0,0,0,0,0,0,0,0
KIOSK,0,0,0,0,0,0,0,0,0,0,0,0
KITTY,0,0,0,0,0,0,0,0,0,0,0,0
KNACK,0,0,0,0,0,0,0,0,0,0,0,0
KNAVE,0,0,0,0,0,0,0,0,0,0,0,0
KNEAD,0,0,0,0,0,0,0,0,0,0,0,0
KNEED,0,0,0,0,0,0,0,0,0,0,0,0
KNEEL,0,0,0,0,0,0,0,0,0,0,0,0
KNELT,0,0,0,0,0,0,0,0,0,0,0,0
KNIFE,0,0,0,0,0,0,0,0,0,0,0,0
KNOCK,0,0,0,0,0,0,0,0,0,0,0,0
KNOLL,0,0,0,0,0,0,0,0,0,0,0,0
KNOWN,0,0,0,0,0,0,0,0,0,0,0,0
KOALA,0,0,0,0,0,0,0,0,0,0,0,0
KRILL,0,0,0,0,0,0,0,0,0,0,0,0
LABEL,0,0,0,0,0,0,0,0,0,0,0,0
LABOR,0,0,0,0,0,0,0,0,0,0,0,0
LADEN,0,0,0,0,0,0,0,0,0,0,0,0
LADLE,0,0,0,0,0,0,0,0,0,0,0,0
LAGER,0,0,0,0,0,0,0,0,0,0,0,0
LANCE,0,0,0,0,0,0,0,0,0,0,0,0
LANKY,0,0,0,0,0,0,0,0,0,0,0,0
LAPEL,0,0,0,0,0,0,0,0,0,0,0,0
LAPSE,0,0,0,0,0,0,0,0,0,0,0,0
LARGE,0,0,0,0,0,0,0,0,0,0,0,0
LARVA,0,0,0,0,0,0,0,0,0,0,0,0
LASSO,0,0,0,0,0,0,0,0,0,0,0,0
LATCH,0,0,0,0,0,0,0,0,0,0,0,0
LATER,0,0,0,0,0,0,0,0,0,0,0,0
LATHE,0,0,0,0,0,0,0,0,0,0,0,0
LATTE,0,0,0,0,0,0,0,0,0,0,0,0
LAUGH,0,0,0,0,0,0,0,0,0,0,0,0
LAYER,0,0,0,0,0,0,0,0,0,0,0,0
LEACH,0,0,0,0,0,0,0,0,0,0,0,0
LEAFY,0,0,0,0,0,0,0,0,0,0,0,0
LEAKY,0,0,0,0,0,0,0,0,0,0,0,0
LEANT,0,0,0,0,0,0,0,0,0,0,0,0
LEAPT,0,0,0,0,0,0,0,0,0,0,0,0
LEARN,0,0,0,0,0,0,0,0,0,0,0,0
LEASE,0,0,0,0,0,0,0,0,0,0,0,0
LEASH,0,0,0,0,0,0,0,0,0,0,0,0
LEAST,0,0,0,0,0,0,0,0,0,0,0,0
LEAVE,0,0,0,0,0,0,0,0,0,0,0,0
LEDGE,0,0,0,0,0,0,0,0,0,0,0,0
LEECH,0,0,0,0,0,0,0,0,0,0,0,0
LEERY,0,0,0,0,0,0,0,0,0,0,0,0
LEFTY,0,0,0,0,0,0,0,0,0,0,0,0
LEGAL,0,0,0,0,0,0,0,0,0,0,0,0
LEGGY,0,0,0,0,0,0,0,0,0,0,0,0
LEMON,0,0,0,0,0,0,0,0,0,0,0,0
LEMUR,0,0,0,0,0,0,0,0,0,0,0,0
LEPER,0,0,0,0,0,0,0,0,0,0,0,0
LEVEL,0,0,0,0,0,0,0,0,0,0,0,0
LEVER,0,0,0,0,0,0,0,0,0,0,0,0
LIBEL,0,0,0,0,0,0,0,0,0,0,0,0
LIEGE,0,0,0,0,0,0,0,0,0,0,0,0
LIGHT,0,0,0,0,0,0,0,0,0,0,0,0
LIKEN,0,0,0,0,0,0,0,0,0,0,0,0
LILAC,0,0,0,0,0,0,0,0,0,0,0,0
LIMBO,0,0,0,0,0,0,0,0,0,0,0,0
LIMIT,0,0,0,0,0,0,0,0,0,0,0,0
LINEN,0,0,0,0,0,0,0,0,0,0,0,0
LINER,0,0,0,0,0,0,0,0,0,0,0,0
LINGO,0,0,0,0,0,0,0,0,0,0,0,0
LIPID,0,0,0,0,0,0,0,0,0,0,0,0
LITHE,0,0,0,0,0,0,0,0,0,0,0,0
LIVER,0,0,0,0,0,0,0,0,0,0,0,0
LIVID,0,0,0,0,0,0,0,0,0,0,0,0
LLAMA,0,0,0,0,0,0,0,0,0,0,0,0
LOAMY,0,0,0,0,0,0,0,0,0,0,0,0
LOATH,0,0,0,0,0,0,0,0,0,0,0,0
LOBBY,0,0,0,0,0,0,0,0,0,0,0,0
LOCAL,0,0,0,0,0,0,0,0,0,0,0,0
LOCUS,0,0,0,0,0,0,0,0,0,0,0,0
LODGE,0,0,0,0,0,0,0,0,0,0,0,0
LOFTY,0,0,0,0,0,0,0,0,0,0,0,0
LOGIC,0,0,0,0,0,0,0,0,0,0,0,0
LOGIN,0,0,0,0,0,0,0,0,0,0,0,0
LOOPY,0,0,0,0,0,0,0,0,0,0,0,0
LOOSE,0,0,0,0,0,0,0,0,0,0,0,0
LORRY,0,0,0,0,0,0,0,0,0,0,0,0
LOSER,0,0,0,0,0,0,0,0,0,0,0,0
LOUSE,0,0,0,0,0,0,0,0,0,0,0,0
LOUSY,0,0,0,0,0,0,0,0,0,0,0,0
LOVER,0,0,0,0,0,0,0,0,0,0,0,0
LOWER,0,0,0,0,0,0,0,0,0,0,0,0
LOWLY,0,0,0,0,0,0,0,0,0,0,0,0
LOYAL,0,0,0,0,0,0,0,0,0,0,0,0
LUCID,0,0,0,0,0,0,0,0,0,0,0,0
LUCKY,0,0,0,0,0,0,0,0,0,0,0,0
LUMEN,0,0,0,0,0,0,0,0,0,0,0,0
LUMPY,0,0,0,0,0,0,0,0,0,0,0,0
LUNAR,0,0,0,0,0,0,0,0,0,0,0,0
LUNCH,0,0,0,0,0,0,0,0,0,0,0,0
LUNGE,0,0,0,0,0,0,0,0,0,0,0,0
LUPUS,0,0,0,0,0,0,0,0,0,0,0,0
LURCH,0,0,0,0,0,0,0,0,0,0,0,0
LURID,0,0,0,0,0,0,0,0,0,0,0,0
LUSTY,0,0,0,0,0,0,0,0,0,0,0,0
LYING,0,0,0,0,0,0,0,0,0,0,0,0
LYMPH,0,0,0,0,0,0,0,0,0,0,0,0
LYRIC,0,0,0,0,0,0,0,0,0,0,0,0
MACAW,0,0,0,0,0,0,0,0,0,0,0,0
MACHO,0,0,0,0,0,0,0,0,0,0,0,0
MACRO,0,0,0,0,0,0,0,0,0,0,0,0
MADAM,0,0,0,0,0,0,0,0,0,0,0,0
MADLY,0,0,0,0,0,0,0,0,0,0,0,0
MAFIA,0,0,0,0,0,0,0,0,0,0,0,0
MAGIC,0,0,0,0,0,0,0,0,0,0,0,0
MAGMA,0,0,0,0,0,0,0,0,0,0,0,0
MAIZE,0,0,0,0,0,0,0,0,0,0,0,0
MAJOR,0,0,0,0,0,0,0,0,0,0,0,0
MAKER,0,0,0,0,0,0,0,0,0,0,0,0
MAMBO,0,0,0,0,0,0,0,0,0,0,0,0
MAMMA,0,0,0,0,0,0,0,0,0,0,0,0
MAMMY,0,0,0,0,0,0,0,0,0,0,0,0
MANGA,0,0,0,0,0,0,0,0,0,0,0,0
MANGE,0,0,0,0,0,0,0,0,0,0,0,0
MANGO,0,0,0,0,0,0,0,0,0,0,0,0
MANGY,0,0,0,0,0,0,0,0,0,0,0,0
MANIA,0,0,0,0,0,0,0,0,0,0,0,0
MANIC,0,0,0,0,0,0,0,0,0,0,0,0
MANLY,0,0,0,0,0,0,0,0,0,0,0,0
MANOR,0,0,0,0,0,0,0,0,0,0,0,0
MAPLE,0,0,0,0,0,0,0,0,0,0,0,0
MARCH,0,0,0,0,0,0,0,0,0,0,0,0
MARRY,0,0,0,0,0,0,0,0,0,0,0,0
MARSH,0,0,0,0,0,0,0,0,0,0,0,0
MASON,0,0,0,0,0,0,0,0,0,0,0,0
MASSE,0,0,0,0,0,0,0,0,0,0,0,0
MATCH,0,0,0,0,0,0,0,0,0,0,0,0
MATEY,0,0,0,0,0,0,0,0,0,0,0,0
MAUVE,0,0,0,0,0,0,0,0,0,0,0,0
MAXIM,0,0,0,0,0,0,0,0,0,0,0,0
MAYBE,0,0,0,0,0,0,0,0,0,0,0,0
MAYOR,0,0,0,0,0,0,0,0,0,0,0,0
MEALY,0,0,0,0,0,0,0,0,0,0,0,0
MEANT,0,0,0,0,0,0,0,0,0,0,0,0
MEATY,0,0,0,0,0,0,0,0,0,0,0,0
MECCA,0,0,0,0,0,0,0,0,0,0,0,0
MEDAL,0,0,0,0,0,0,0,0,0,0,0,0
MEDIA,0,0,0,0,0,0,0,0,0,0,0,0
MEDIC,0,0,0,0,0,0,0,0,0,0,0,0
MELEE,0,0,0,0,0,0,0,0,0,0,0,0
MELON,0,0,0,0,0,0,0,0,0,0,0,0
MERCY,0,0,0,0,0,0,0,0,0,0,0,0
MERGE,0,0,0,0,0,0,0,0,0,0,0,0
MERIT,0,0,0,0,0,0,0,0,0,0,0,0
MERRY,0,0,0,0,0,0,0,0,0,0,0,0
METAL,0,0,0,0,0,0,0,0,0,0,0,0
METER,0,0,0,0,0,0,0,0,0,0,0,0
METRO,0,0,0,0,0,0,0,0,0,0,0,0
MICRO,0,0,0,0,0,0,0,0,0,0,0,0
MIDGE,0,0,0,0,0,0,0,0,0,0,0,0
MIDST,0,0,0,0,0,0,0,0,0,0,0,0
MIGHT,0,0,0,0,0,0,0,0,0,0,0,0
MILKY,0,0,0,0,0,0,0,0,0,0,0,0
MIMIC,0,0,0,0,0,0,0,0,0,0,0,0
MINCE,0,0,0,0,0,0,0,0,0,0,0,0
MINER,0,0,0,0,0,0,0,0,0,0,0,0
MINIM,0,0,0,0,0,0,0,0,0,0,0,0
MINOR,0,0,0,0,0,0,0,0,0,0,0,0
MINTY,0,0,0,0,0,0,0,0,0,0,0,0
MINUS,0,0,0,0,0,0,0,0,0,0,0,0
MIRTH,0,0,0,0,0,0,0,0,0,0,0,0
MISER,0,0,0,0,0,0,0,0,0,0,0,0
MISSY,0,0,0,0,0,0,0,0,0,0,0,0
MOCHA,0,0,0,0,0,0,0,0,0,0,0,0
MODAL,0,0,0,0,0,0,0,0,0,0,0,0
MODEL,0,0,0,0,0,0,0,0,0,0,0,0
MODEM,0,0,0,0,0,0,0,0,0,0,0,0
MOGUL,0,0,0,0,0,0,0,0,0,0,0,0
MOIST,0,0,0,0,0,0,0,0,0,0,0,0
MOLAR,0,0,0,0,0,0,0,0,0,0,0,0
MOLDY,0,0,0,0,0,0,0,0,0,0,0,0
MONEY,0,0,0,0,0,0,0,0,0,0,0,0
MONTH,0,0,0,0,0,0,0,0,0,0,0,0
MOODY,0,0,0,0,0,0,0,0,0,0,0,0
MOOSE,0,0,0,0,0,0,0,0,0,0,0,0
MORAL,0,0,0,0,0,0,0,0,0,0,0,0
MORON,0,0,0,0,0,0,0,0,0,0,0,0
MORPH,0,0,0,0,0,0,0,0,0,0,0,0
MOSSY,0,0,0,0,0,0,0,0,0,0,0,0
MOTEL,0,0,0,0,0,0,0,0,0,0,0,0
MOTIF,0,0,0,0,0,0,0,0,0,0,0,0
MOTOR,0,0,0,0,0,0,0,0,0,0,0,0
MOTTO,0,0,0,0,0,0,0,0,0,0,0,0
MOULT,0,0,0,0,0,0,0,0,0,0,0,0
MOUND,0,0,0,0,0,0,0,0,0,0,0,0
MOUNT,0,0,0,0,0,0,0,0,0,0,0,0
MOURN,0,0,0,0,0,0,0,0,0,0,0,0
MOUSE,0,0,0,0,0,0,0,0,0,0,0,0
MOUTH,0,0,0,0,0,0,0,0,0,0,0,0
MOVER,0,0,0,0,0,0,0,0,0,0,0,0
MOVIE,0,0,0,0,0,0,0,0,0,0,0,0
MOWER,0,0,0,0,0,0,0,0,0,0,0,0
MUCKY,0,0,0,0,0,0,0,0,0,0,0,0
MUCUS,0,0,0,0,0,0,0,0,0,0,0,0
MUDDY,0,0,0,0,0,0,0,0,0,0,0,0
MULCH,0,0,0,0,0,0,0,0,0,0,0,0
MUMMY,0,0,0,0,0,0,0,0,0,0,0,0
MUNCH,0,0,0,0,0,0,0,0,0,0,0,0
MURAL,0,0,0,0,0,0,0,0,0,0,0,0
MURKY,0,0,0,0,0,0,0,0,0,0,0,0
MUSHY,0,0,0,0,0,0,0,0,0,0,0,0
MUSIC,0,0,0,0,0,0,0,0,0,0,0,0
MUSKY,0,0,0,0,0,0,0,0,0,0,0,0
MUSTY,0,0,0,0,0,0,0,0,0,0,0,0
MYRRH,0,0,0,0,0,0,0,0,0,0,0,0
NADIR,0,0,0,0,0,0,0,0,0,0,0,0
NAIVE,0,0,0,0,0,0,0,0,0,0,0,0
NANNY,0,0,0,0,0,0,0,0,0,0,0,0
NASAL,0,0,0,0,0,0,0,0,0,0,0,0
NASTY,0,0,0,0,0,0,0,0,0,0,0,0
NATAL,0,0,0,0,0,0,0,0,0,0,0,0
NAVAL,0,0,0,0,0,0,0,0,0,0,0,0
NAVEL,0,0,0,0,0,0,0,0,0,0,0,0
NEEDY,0,0,0,0,0,0,0,0,0,0,0,0
NEIGH,0,0,0,0,0,0,0,0,0,0,0,0
NERDY,0,0,0,0,0,0,0,0,0,0,0,0
NERVE,0,0,0,0,0,0,0,0,0,0,0,0
NEVER,0,0,0,0,0,0,0,0,0,0,0,0
NEWER,0,0,0,0,0,0,0,0,0,0,0,0
NEWLY,0,0,0,0,0,0,0,0,0,0,0,0
NICER,0,0,0,0,0,0,0,0,0,0,0,0
NICHE,0,0,0,0,0,0,0,0,0,0,0,0
NIECE,0,0,0,0,0,0,0,0,0,0,0,0
NIGHT,0,0,0,0,0,0,0,0,0,0,0,0
NINJA,0,0,0,0,0,0,0,0,0,0,0,0
NINNY,0,0,0,0,0,0,0,0,0,0,0,0
NINTH,0,0,0,0,0,0,0,0,0,0,0,0
NOBLE,0,0,0,0,0,0,0,0,0,0,0,0
NOBLY,0,0,0,0,0,0,0,0,0,0,0,0
NOISE,0,0,0,0,0,0,0,0,0,0,0,0
NOISY,0,0,0,0,0,0,0,0,0,0,0,0
NOMAD,0,0,0,0,0,0,0,0,0,0,0,0
NOOSE,0,0,0,0,0,0,0,0,0,0,0,0
NORTH,0,0,0,0,0,0,0,0,0,0,0,0
NOSEY,0,0,0,0,0,0,0,0,0,0,0,0
NOTCH,0,0,0,0,0,0,0,0,0,0,0,0
NOVEL,0,0,0,0,0,0,0,0,0,0,0,0
NUDGE,0,0,0,0,0,0,0,0,0,0,0,0
NURSE,0,0,0,0,0,0,0,0,0,0,0,0
NUTTY,0,0,0,0,0,0,0,0,0,0,0,0
NYLON,0,0,0,0,0,0,0,0,0,0,0,0
NYMPH,0,0,0,0,0,0,0,0,0,0,0,0
OAKEN,0,0,0,0,0,0,0,0,0,0,0,0
OBESE,0,0,0,0,0,0,0,0,0,0,0,0
OCCUR,0,0,0,0,0,0,0,0,0,0,0,0
OCEAN,0,0,0,0,0,0,0,0,0,0,0,0
OCTAL,0,0,0,0,0,0,0,0,0,0,0,0
OCTET,0,0,0,0,0,0,0,0,0,0,0,0
ODDER,0,0,0,0,0,0,0,0,0,0,0,0
ODDLY,0,0,0,0,0,0,0,0,0,0,0,0
OFFAL,0,0,0,0,0,0,0,0,0,0,0,0
OFFER,0,0,0,0,0,0,0,0,0,0,0,0
OFTEN,0,0,0,0,0,0,0,0,0,0,0,0
OLDEN,0,0,0,0,0,0,0,0,0,0,0,0
OLDER,0,0,0,0,0,0,0,0,0,0,0,0
OLIVE,0,0,0,0,0,0,0,0,0,0,0,0
OMBRE,0,0,0,0,0,0,0,0,0,0,0,0
OMEGA,0,0,0,0,0,0,0,0,0,0,0,0
ONION,0,0,0,0,0,0,0,0,0,0,0,0
ONSET,0,0,0,0,0,0,0,0,0,0,0,0
OPERA,0,0,0,0,0,0,0,0,0,0,0,0
OPINE,0,0,0,0,0,0,0,0,0,0,0,0
OPIUM,0,0,0,0,0,0,0,0,0,0,0,0
OPTIC,0,0,0,0,0,0,0,0,0,0,0,0
ORBIT,0,0,0,0,0,0,0,0,0,0,0,0
ORDER,0,0,0,0,0,0,0,0,0,0,0,0
ORGAN,0,0,0,0,0,0,0,0,0,0,0,0
OTHER,0,0,0,0,0,0,0,0,0,0,0,0
OTTER,0,0,0,0,0,0,0,0,0,0,0,0
OUGHT,0,0,0,0,0,0,0,0,0,0,0,0
OUNCE,0,0,0,0,0,0,0,0,0,0,0,0
OUTDO,0,0,0,0,0,0,0,0,0,0,0,0
OUTER,0,0,0,0,0,0,0,0,0,0,0,0
OUTGO,0,0,0,0,0,0,0,0,0,0,0,0
OVARY,0,0,0,0,0,0,0,0,0,0,0,0
OVATE,0,0,0,0,0,0,0,0,0,0,0,0
OVERT,0,0,0,0,0,0,0,0,0,0,0,0
OVINE,0,0,0,0,0,0,0,0,0,0,0,0
OVOID,0,0,0,0,0,0,0,0,0,0,0,0
OWING,0,0,0,0,0,0,0,0,0,0,0,0
OWNER,0,0,0,0,0,0,0,0,0,0,0,0
OXIDE,0,0,0,0,0,0,0,0,0,0,0,0
OZONE,0,0,0,0,0,0,0,0,0,0,0,0
PADDY,0,0,0,0,0,0,0,0,0,0,0,0
PAGAN,0,0,0,0,0,0,0,0,0,0,0,0
PAINT,0,0,0,0,0,0,0,0,0,0,0,0
PALER,0,0,0,0,0,0,0,0,0,0,0,0
PALSY,0,0,0,0,0,0,0,0,0,0,0,0
PANEL,0,0,0,0,0,0,0,0,0,0,0,0
PANIC,0,0,0,0,0,0,0,0,0,0,0,0
PANSY,0,0,0,0,0,0,0,0,0,0,0,0
PAPAL,0,0,0,0,0,0,0,0,0,0,0,0
PAPER,0,0,0,0,0,0,0,0,0,0,0,0
PARER,0,0,0,0,0,0,0,0,0,0,0,0
PARKA,0,0,0,0,0,0,0,0,0,0,0,0
PARRY,0,0,0,0,0,0,0,0,0,0,0,0
PARSE,0,0,0,0,0,0,0,0,0,0,0,0
PARTY,0,0,0,0,0,0,0,0,0,0,0,0
PASTA,0,0,0,0,0,0,0,0,0,0,0,0
PASTE,0,0,0,0,0,0,0,0,0,0,0,0
PASTY,0,0,0,0,0,0,0,0,0,0,0,0
PATCH,0,0,0,0,0,0,0,0,0,0,0,0
PATIO,0,0,0,0,0,0,0,0,0,0,0,0
PATSY,0,0,0,0,0,0,0,0,0,0,0,0
PATTY,0,0,0,0,0,0,0,0,0,0,0,0
PAUSE,0,0,0,0,0,0,0,0,0,0,0,0
PAYEE,0,0,0,0,0,0,0,0,0,0,0,0
PAYER,0,0,0,0,0,0,0,0,0,0,0,0
PEACE,0,0,0,0,0,0,0,0,0,0,0,0
PEACH,0,0,0,0,0,0,0,0,0,0,0,0
PEARL,0,0,0,0,0,0,0,0,0,0,0,0
PECAN,0,0,0,0,0,0,0,0,0,0,0,0
PEDAL,0,0,0,0,0,0,0,0,0,0,0,0
PENAL,0,0,0,0,0,0,0,0,0,0,0,0
PENCE,0,0,0,0,0,0,0,0,0,0,0,0
PENNE,0,0,0,0,0,0,0,0,0,0,0,0
PENNY,0,0,0,0,0,0,0,0,0,0,0,0
PERCH,0,0,0,0,0,0,0,0,0,0,0,0
PERIL,0,0,0,0,0,0,0,0,0,0,0,0
PERKY,0,0,0,0,0,0,0,0,0,0,0,0
PESKY,0,0,0,0,0,0,0,0,0,0,0,0
PESTO,0,0,0,0,0,0,0,0,0,0,0,0
PETAL,0,0,0,0,0,0,0,0,0,0,0,0
PETTY,0,0,0,0,0,0,0,0,0,0,0,0
PHASE,0,0,0,0,0,0,0,0,0,0,0,0
PHONE,0,0,0,0,0,0,0,0,0,0,0,0
PHONY,0,0,0,0,0,0,0,0,0,0,0,0
PHOTO,0,0,0,0,0,0,0,0,0,0,0,0
PIANO,0,0,0,0,0,0,0,0,0,0,0,0
PICKY,0,0,0,0,0,0,0,0,0,0,0,0
PIECE,0,0,0,0,0,0,0,0,0,0,0,0
PIETY,0,0,0,0,0,0,0,0,0,0,0,0
PIGGY,0,0,0,0,0,0,0,0,0,0,0,0
PILOT,0,0,0,0,0,0,0,0,0,0,0,0
PINCH,0,0,0,0,0,0,0,0,0,0,0,0
PINEY,0,0,0,0,0,0,0,0,0,0,0,0
PINKY,0,0,0,0,0,0,0,0,0,0,0,0
PINTO,0,0,0,0,0,0,0,0,0,0,0,0
PIPER,0,0,0,0,0,0,0,0,0,0,0,0
PIQUE,0,0,0,0,0,0,0,0,0,0,0,0
PITCH,0,0,0,0,0,0,0,0,0,0,0,0
PITHY,0,0,0,0,0,0,0,0,0,0,0,0
PIVOT,0,0,0,0,0,0,0,0,0,0,0,0
PIXEL,0,0,0,0,0,0,0,0,0,0,0,0
PIXIE,0,0,0,0,0,0,0,0,0,0,0,0
PIZZA,0,0,0,0,0,0,0,0,0,0,0,0
PLACE,0,0,0,0,0,0,0,0,0,0,0,0
PLAID,0,0,0,0,0,0,0,0,0,0,0,0
PLAIN,0,0,0,0,0,0,0,0,0,0,0,0
PLAIT,0,0,0,0,0,0,0,0,0,0,0,0
PLANE,0,0,0,0,0,0,0,0,0,0,0,0
PLANK,0,0,0,0,0,0,0,0,0,0,0,0
PLANT,0,0,0,0,0,0,0,0,0,0,0,0
PLATE,0,0,0,0,0,0,0,0,0,0,0,0
PLAZA,0,0,0,0,0,0,0,0,0,0,0,0
PLEAD,0,0,0,0,0,0,0,0,0,0,0,0
PLEAT,0,0,0,0,0,0,0,0,0,0,0,0
PLIED,0,0,0,0,0,0,0,0,0,0,0,0
PLIER,0,0,0,0,0,0,0,0,0,0,0,0
PLUCK,0,0,0,0,0,0,0,0,0,0,0,0
PLUMB,0,0,0,0,0,0,0,0,0,0,0,0
PLUME,0,0,0,0,0,0,0,0,0,0,0,0
PLUMP,0,0,0,0,0,0,0,0,0,0,0,0
PLUNK,0,0,0,0,0,0,0,0,0,0,0,0
PLUSH,0,0,0,0,0,0,0,0,0,0,0,0
POESY,0,0,0,0,0,0,0,0,0,0,0,0
POINT,0,0,0,0,0,0,0,0,0,0,0,0
POISE,0,0,0,0,0,0,0,0,0,0,0,0
POKER,0,0,0,0,0,0,0,0,0,0,0,0
POLAR,0,0,0,0,0,0,0,0,0,0,0,0
POLKA,0,0,0,0,0,0,0,0,0,0,0,0
POLYP,0,0,0,0,0,0,0,0,0,0,0,0
POOCH,0,0,0,0,0,0,0,0,0,0,0,0
POPPY,0,0,0,0,0,0,0,0,0,0,0,0
PORCH,0,0,0,0,0,0,0,0,0,0,0,0
POSER,0,0,0,0,0,0,0,0,0,0,0,0
POSIT,0,0,0,0,0,0,0,0,0,0,0,0
POSSE,0,0,0,0,0,0,0,0,0,0,0,0
POUCH,0,0,0,0,0,0,0,0,0,0,0,0
POUND,0,0,0,0,0,0,0,0,0,0,0,0
POUTY,0,0,0,0,0,0,0,0,0,0,0,0
POWER,0,0,0,0,0,0,0,0,0,0,0,0
PRANK,0,0,0,0,0,0,0,0,0,0,0,0
PRAWN,0,0,0,0,0,0,0,0,0,0,0,0
PREEN,0,0,0,0,0,0,0,0,0,0,0,0
PRESS,0,0,0,0,0,0,0,0,0,0,0,0
PRICE,0,0,0,0,0,0,0,0,0,0,0,0
PRICK,0,0,0,0,0,0,0,0,0,0,0,0
PRIDE,0,0,0,0,0,0,0,0,0,0,0,0
PRIED,0,0,0,0,0,0,0,0,0,0,0,0
PRIME,0,0,0,0,0,0,0,0,0,0,0,0
PRIMO,0,0,0,0,0,0,0,0,0,0,0,0
PRINT,0,0,0,0,0,0,0,0,0,0,0,0
PRIOR,0,0,0,0,0,0,0,0,0,0,0,0
PRISM,0,0,0,0,0,0,0,0,0,0,0,0
PRIVY,0,0,0,0,0,0,0,0,0,0,0,0
PRIZE,0,0,0,0,0,0,0,0,0,0,0,0
PROBE,0,0,0,0,0,0,0,0,0,0,0,0
PRONE,0,0,0,0,0,0,0,0,0,0,0,0
PRONG,0,0,0,0,0,0,0,0,0,0,0,0
PROOF,0,0,0,0,0,0,0,0,0,0,0,0
PROSE,0,0,0,0,0,0,0,0,0,0,0,0
PROUD,0,0,0,0,0,0,0,0,0,0,0,0
PROVE,0,0,0,0,0,0,0,0,0,0,0,0
PROWL,0,0,0,0,0,0,0,0,0,0,0,0
PROXY,0,0,0,0,0,0,0,0,0,0,0,0
PRUDE,0,0,0,0,0,0,0,0,0,0,0,0
PRUNE,0,0,0,0,0,0,0,0,0,0,0,0
PSALM,0,0,0,0,0,0,0,0,0,0,0,0
PUBIC,0,0,0,0,0,0,0,0,0,0,0,0
PUDGY,0,0,0,0,0,0,0,0,0,0,0,0
PUFFY,0,0,0,0,0,0,0,0,0,0,0,0
PULPY,0,0,0,0,0,0,0,0,0,0,0,0
PULSE,0,0,0,0,0,0,0,0,0,0,0,0
PUNCH,0,0,0,0,0,0,0,0,0,0,0,0
PUPIL,0,0,0,0,0,0,0,0,0,0,0,0
PUPPY,0,0,0,0,0,0,0,0,0,0,0,0
PUREE,0,0,0,0,0,0,0,0,0,0,0,0
PURER,0,0,0,0,0,0,0,0,0,0,0,0
PURGE,0,0,0,0,0,0,0,0,0,0,0,0
PURSE,0,0,0,0,0,0,0,0,0,0,0,0
PUSHY,0,0,0,0,0,0,0,0,0,0,0,0
PUTTY,0,0,0,0,0,0,0,0,0,0,0,0
PYGMY,0,0,0,0,0,0,0,0,0,0,0,0
QUACK,0,0,0,0,0,0,0,0,0,0,0,0
QUAIL,0,0,0,0,0,0,0,0,0,0,0,0
QUAKE,0,0,0,0,0,0,0,0,0,0,0,0
QUALM,0,0,0,0,0,0,0,0,0,0,0,0
QUARK,0,0,0,0,0,0,0,0,0,0,0,0
QUART,0,0,0,0,0,0,0,0,0,0,0,0
QUASH,0,0,0,0,0,0,0,0,0,0,0,0
QUASI,0,0,0,0,0,0,0,0,0,0,0,0
QUEEN,0,0,0,0,0,0,0,0,0,0,0,0
QUEER,0,0,0,0,0,0,0,0,0,0,0,0
QUELL,0,0,0,0,0,0,0,0,0,0,0,0
QUERY,0,0,0,0,0,0,0,0,0,0,0,0
QUEST,0,0,0,0,0,0,0,0,0,0,0,0
QUEUE,0,0,0,0,0,0,0,0,0,0,0,0
QUICK,0,0,0,0,0,0,0,0,0,0,0,0
QUIET,0,0,0,0,0,0,0,0,0,0,0,0
QUILL,0,0,0,0,0,0,0,0,0,0,0,0
QUILT,0,0,0,0,0,0,0,0,0,0,0,0
QUIRK,0,0,0,0,0,0,0,0,0,0,0,0
QUITE,0,0,0,0,0,0,0,0,0,0,0,0
QUOTA,0,0,0,0,0,0,0,0,0,0,0,0
QUOTE,0,0,0,0,0,0,0,0,0,0,0,0
QUOTH,0,0,0,0,0,0,0,0,0,0,0,0
RABBI,0,0,0,0,0,0,0,0,0,0,0,0
RABID,0,0,0,0,0,0,0,0,0,0,0,0
RACER,0,0,0,0,0,0,0,0,0,0,0,0
RADAR,0,0,0,0,0,0,0,0,0,0,0,0
RADII,0,0,0,0,0,0,0,0,0,0,0,0
RADIO,0,0,0,0,0,0,0,0,0,0,0,0
RAINY,0,0,0,0,0,0,0,0,0,0,0,0
RAISE,0,0,0,0,0,0,0,0,0,0,0,0
RAJAH,0,0,0,0,0,0,0,0,0,0,0,0
RALLY,0,0,0,0,0,0,0,0,0,0,0,0
RALPH,0,0,0,0,0,0,0,0,0,0,0,0
RAMEN,0,0,0,0,0,0,0,0,0,0,0,0
RANCH,0,0,0,0,0,0,0,0,0,0,0,0
RANDY,0,0,0,0,0,0,0,0,0,0,0,0
RANGE,0,0,0,0,0,0,0,0,0,0,0,0
RAPID,0,0,0,0,0,0,0,0,0,0,0,0
RARER,0,0,0,0,0,0,0,0,0,0,0,0
RASPY,0,0,0,0,0,0,0,0,0,0,0,0
RATIO,0,0,0,0,0,0,0,0,0,0,0,0
RATTY,0,0,0,0,0,0,0,0,0,0,0,0
RAVEN,0,0,0,0,0,0,0,0,0,0,0,0
RAYON,0,0,0,0,0,0,0,0,0,0,0,0
RAZOR,0,0,0,0,0,0,0,0,0,0,0,0
REACH,0,0,0,0,0,0,0,0,0,0,0,0
REACT,0,0,0,0,0,0,0,0,0,0,0,0
READY,0,0,0,0,0,0,0,0,0,0,0,0
REALM,0,0,0,0,0,0,0,0,0,0,0,0
REARM,0,0,0,0,0,0,0,0,0,0,0,0
REBAR,0,0,0,0,0,0,0,0,0,0,0,0
REBEL,0,0,0,0,0,0,0,0,0,0,0,0
REBUS,0,0,0,0,0,0,0,0,0,0,0,0
REBUT,0,0,0,0,0,0,0,0,0,0,0,0
RECAP,0,0,0,0,0,0,0,0,0,0,0,0
RECUR,0,0,0,0,0,0,0,0,0,0,0,0
RECUT,0,0,0,0,0,0,0,0,0,0,0,0
REEDY,0,0,0,0,0,0,0,0,0,0,0,0
REFER,0,0,0,0,0,0,0,0,0,0,0,0
REFIT,0,0,0,0,0,0,0,0,0,0,0,0
REGAL,0,0,0,0,0,0,0,0,0,0,0,0
REHAB,0,0,0,0,0,0,0,0,0,0,0,0
REIGN,0,0,0,0,0,0,0,0,0,0,0,0
RELAX,0,0,0,0,0,0,0,0,0,0,0,0
RELAY,0,0,0,0,0,0,0,0,0,0,0,0
RELIC,0,0,0,0,0,0,0,0,0,0,0,0
REMIT,0,0,0,0,0,0,0,0,0,0,0,0
RENAL,0,0,0,0,0,0,0,0,0,0,0,0
RENEW,0,0,0,0,0,0,0,0,0,0,0,0
REPAY,0,0,0,0,0,0,0,0,0,0,0,0
REPEL,0,0,0,0,0,0,0,0,0,0,0,0
REPLY,0,0,0,0,0,0,0,0,0,0,0,0
RERUN,0,0,0,0,0,0,0,0,0,0,0,0
RESET,0,0,0,0,0,0,0,0,0,0,0,0
RESIN,0,0,0,0,0,0,0,0,0,0,0,0
RETCH,0,0,0,0,0,0,0,0,0,0,0,0
RETRO,0,0,0,0,0,0,0,0,0,0,0,0
RETRY,0,0,0,0,0,0,0,0,0,0,0,0
REUSE,0,0,0,0,0,0,0,0,0,0,0,0
REVEL,0,0,0,0,0,0,0,0,0,0,0,0
REVUE,0,0,0,0,0,0,0,0,0,0,0,0
RHINO,0,0,0,0,0,0,0,0,0,0,0,0
RHYME,0,0,0,0,0,0,0,0,0,0,0,0
RIDER,0,0,0,0,0,0,0,0,0,0,0,0
RIDGE,0,0,0,0,0,0,0,0,0,0,0,0
RIFLE,0,0,0,0,0,0,0,0,0,0,0,0
RIGHT,0,0,0,0,0,0,0,0,0,0,0,0
RIGID,0,0,0,0,0,0,0,0,0,0,0,0
RIGOR,0,0,0,0,0,0,0,0,0,0,0,0
RINSE,0,0,0,0,0,0,0,0,0,0,0,0
RIPEN,0,0,0,0,0,0,0,0,0,0,0,0
RIPER,0,0,0,0,0,0,0,0,0,0,0,0
RISEN,0,0,0,0,0,0,0,0,0,0,0,0
RISER,0,0,0,0,0,0,0,0,0,0,0,0
RISKY,0,0,0,0,0,0,0,0,0,0,0,0
RIVAL,0,0,0,0,0,0,0,0,0,0,0,0
RIVER,0,0,0,0,0,0,0,0,0,0,0,0
RIVET,0,0,0,0,0,0,0,0,0,0,0,0
ROACH,0,0,0,0,0,0,0,0,0,0,0,0
ROAST,0,0,0,0,0,0,0,0,0,0,0,0
ROBIN,0,0,0,0,0,0,0,0,0,0,0,0
ROBOT,0,0,0,0,0,0,0,0,0,0,0,0
ROCKY,0,0,0,0,0,0,0,0,0,0,0,0
RODEO,0,0,0,0,0,0,0,0,0,0,0,0
ROGER,0,0,0,0,0,0,0,0,0,0,0,0
ROGUE,0,0,0,0,0,0,0,0,0,0,0,0
ROOMY,0,0,0,0,0,0,0,0,0,0,0,0
ROOST,0,0,0,0,0,0,0,0,0,0,0,0
ROTOR,0,0,0,0,0,0,0,0,0,0,0,0
ROUGE,0,0,0,0,0,0,0,0,0,0,0,0
ROUGH,0,0,0,0,0,0,0,0,0,0,0,0
ROUND,0,0,0,0,0,0,0,0,0,0,0,0
ROUSE,0,0,0,0,0,0,0,0,0,0,0,0
ROUTE,0,0,0,0,0,0,0,0,0,0,0,0
ROVER,0,0,0,0,0,0,0,0,0,0,0,0
ROWDY,0,0,0,0,0,0,0,0,0,0,0,0
ROWER,0,0,0,0,0,0,0,0,0,0,0,0
ROYAL,0,0,0,0,0,0,0,0,0,0,0,0
RUDDY,0,0,0,0,0,0,0,0,0,0,0,0
RUDER,0,0,0,0,0,0,0,0,0,0,0,0
RUGBY,0,0,0,0,0,0,0,0,0,0,0,0
RULER,0,0,0,0,0,0,0,0,0,0,0,0
RUMBA,0,0,0,0,0,0,0,0,0,0,0,0
RUMOR,0,0,0,0,0,0,0,0,0,0,0,0
RUPEE,0,0,0,0,0,0,0,0,0,0,0,0
RURAL,0,0,0,0,0,0,0,0,0,0,0,0
RUSTY,0,0,0,0,0,0,0,0,0,0,0,0
SADLY,0,0,0,0,0,0,0,0,0,0,0,0
SAFER,0,0,0,0,0,0,0,0,0,0,0,0
SAINT,0,0,0,0,0,0,0,0,0,0,0,0
SALAD,0,0,0,0,0,0,0,0,0,0,0,0
SALLY,0,0,0,0,0,0,0,0,0,0,0,0
SALON,0,0,0,0,0,0,0,0,0,0,0,0
SALSA,0,0,0,0,0,0,0,0,0,0,0,0
SALTY,0,0,0,0,0,0,0,0,0,0,0,0
SALVE,0,0,0,0,0,0,0,0,0,0,0,0
SALVO,0,0,0,0,0,0,0,0,0,0,0,0
SANDY,0,0,0,0,0,0,0,0,0,0,0,0
SANER,0,0,0,0,0,0,0,0,0,0,0,0
SAPPY,0,0,0,0,0,0,0,0,0,0,0,0
SASSY,0,0,0,0,0,0,0,0,0,0,0,0
SATIN,0,0,0,0,0,0,0,0,0,0,0,0
SATYR,0,0,0,0,0,0,0,0,0,0,0,0
SAUCE,0,0,0,0,0,0,0,0,0,0,0,0
SAUCY,0,0,0,0,0,0,0,0,0,0,0,0
SAUNA,0,0,0,0,0,0,0,0,0,0,0,0
SAUTE,0,0,0,0,0,0,0,0,0,0,0,0
SAVOR,0,0,0,0,0,0,0,0,0,0,0,0
SAVOY,0,0,0,0,0,0,0,0,0,0,0,0
SAVVY,0,0,0,0,0,0,0,0,0,0,0,0
SCALD,0,0,0,0,0,0,0,0,0,0,0,0
SCALE,0,0,0,0,0,0,0,0,0,0,0,0
SCALP,0,0,0,0,0,0,0,0,0,0,0,0
SCALY,0,0,0,0,0,0,0,0,0,0,0,0
SCAMP,0,0,0,0,0,0,0,0,0,0,0,0
SCANT,0,0,0,0,0,0,0,0,0,0,0,0
SCARE,0,0,0,0,0,0,0,0,0,0,0,0
SCARF,0,0,0,0,0,0,0,0,0,0,0,0
SCARY,0,0,0,0,0,0,0,0,0,0,0,0
SCENE,0,0,0,0,0,0,0,0,0,0,0,0
SCENT,0,0,0,0,0,0,0,0,0,0,0,0
SCION,0,0,0,0,0,0,0,0,0,0,0,0
SCOFF,0,0,0,0,0,0,0,0,0,0,0,0
SCOLD,0,0,0,0,0,0,0,0,0,0,0,0
SCONE,0,0,0,0,0,0,0,0,0,0,0,0
SCOOP,0,0,0,0,0,0,0,0,0,0,0,0
SCOPE,0,0,0,0,0,0,0,0,0,0,0,0
SCORE,0,0,0,0,0,0,0,0,0,0,0,0
SCORN,0,0,0,0,0,0,0,0,0,0,0,0
SCOUR,0,0,0,0,0,0,0,0,0,0,0,0
SCOUT,0,0,0,0,0,0,0,0,0,0,0,0
SCOWL,0,0,0,0,0,0,0,0,0,0,0,0
SCRAM,0,0,0,0,0,0,0,0,0,0,0,0
SCRAP,0,0,0,0,0,0,0,0,0,0,0,0
SCREE,0,0,0,0,0,0,0,0,0,0,0,0
SCREW,0,0,0,0,0,0,0,0,0,0,0,0
SCRUB,0,0,0,0,0,0,0,0,0,0,0,0
SCRUM,0,0,0,0,0,0,0,0,0,0,0,0
SCUBA,0,0,0,0,0,0,0,0,0,0,0,0
SEDAN,0,0,0,0,0,0,0,0,0,0,0,0
SEEDY,0,0,0,0,0,0,0,0,0,0,0,0
SEGUE,0,0,0,0,0,0,0,0,0,0,0,0
SEIZE,0,0,0,0,0,0,0,0,0,0,0,0
SEMEN,0,0,0,0,0,0,0,0,0,0,0,0
SENSE,0,0,0,0,0,0,0,0,0,0,0,0
SEPIA,0,0,0,0,0,0,0,0,0,0,0,0
SERIF,0,0,0,0,0,0,0,0,0,0,0,0
SERUM,0,0,0,0,0,0,0,0,0,0,0,0
SERVE,0,0,0,0,0,0,0,0,0,0,0,0
SETUP,0,0,0,0,0,0,0,0,0,0,0,0
SEVEN,0,0,0,0,0,0,0,0,0,0,0,0
SEVER,0,0,0,0,0,0,0,0,0,0,0,0
SEWER,0,0,0,0,0,0,0,0,0,0,0,0
SHACK,0,0,0,0,0,0,0,0,0,0,0,0
SHADE,0,0,0,0,0,0,0,0,0,0,0,0
SHADY,0,0,0,0,0,0,0,0,0,0,0,0
SHAFT,0,0,0,0,0,0,0,0,0,0,0,0
SHAKE,0,0,0,0,0,0,0,0,0,0,0,0
SHAKY,0,0,0,0,0,0,0,0,0,0,0,0
SHALE,0,0,0,0,0,0,0,0,0,0,0,0
SHALL,0,0,0,0,0,0,0,0,0,0,0,0
SHALT,0,0,0,0,0,0,0,0,0,0,0,0
SHAME,0,0,0,0,0,0,0,0,0,0,0,0
SHANK,0,0,0,0,0,0,0,0,0,0,0,0
SHAPE,0,0,0,0,0,0,0,0,0,0,0,0
SHARD,0,0,0,0,0,0,0,0,0,0,0,0
SHARE,0,0,0,0,0,0,0,0,0,0,0,0
SHARK,0,0,0,0,0,0,0,0,0,0,0,0
SHARP,0,0,0,0,0,0,0,0,0,0,0,0
SHAVE,0,0,0,0,0,0,0,0,0,0,0,0
SHAWL,0,0,0,0,0,0,0,0,0,0,0,0
SHEAR,0,0,0,0,0,0,0,0,0,0,0,0
SHEEN,0,0,0,0,0,0,0,0,0,0,0,0
SHEEP,0,0,0,0,0,0,0,0,0,0,0,0
SHEER,0,0,0,0,0,0,0,0,0,0,0,0
SHEET,0,0,0,0,0,0,0,0,0,0,0,0
SHEIK,0,0,0,0,0,0,0,0,0,0,0,0
SHELF,0,0,0,0,0,0,0,0,0,0,0,0
SHELL,0,0,0,0,0,0,0,0,0,0,0,0
SHIED,0,0,0,0,0,0,0,0,0,0,0,0
SHIFT,0,0,0,0,0,0,0,0,0,0,0,0
SHINE,0,0,0,0,0,0,0,0,0,0,0,0
SHINY,0,0,0,0,0,0,0,0,0,0,0,0
SHIRE,0,0,0,0,0,0,0,0,0,0,0,0
SHIRK,0,0,0,0,0,0,0,0,0,0,0,0
SHIRT,0,0,0,0,0,0,0,0,0,0,0,0
SHOAL,0,0,0,0,0,0,0,0,0,0,0,0
SHOCK,0,0,0,0,0,0,0,0,0,0,0,0
SHONE,0,0,0,0,0,0,0,0,0,0,0,0
SHOOK,0,0,0,0,0,0,0,0,0,0,0,0
SHOOT,0,0,0,0,0,0,0,0,0,0,0,0
SHORE,0,0,0,0,0,0,0,0,0,0,0,0
SHORN,0,0,0,0,0,0,0,0,0,0,0,0
SHORT,0,0,0,0,0,0,0,0,0,0,0,0
SHOUT,0,0,0,0,0,0,0,0,0,0,0,0
SHOVE,0,0,0,0,0,0,0,0,0,0,0,0
SHOWN,0,0,0,0,0,0,0,0,0,0,0,0
SHOWY,0,0,0,0,0,0,0,0,0,0,0,0
SHREW,0,0,0,0,0,0,0,0,0,0,0,0
SHRUB,0,0,0,0,0,0,0,0,0,0,0,0
SHRUG,0,0,0,0,0,0,0,0,0,0,0,0
SHUCK,0,0,0,0,0,0,0,0,0,0,0,0
SHUNT,0,0,0,0,0,0,0,0,0,0,0,0
SHUSH,0,0,0,0,0,0,0,0,0,0,0,0
SHYLY,0,0,0,0,0,0,0,0,0,0,0,0
SIEGE,0,0,0,0,0,0,0,0,0,0,0,0
SIEVE,0,0,0,0,0,0,0,0,0,0,0,0
SIGHT,0,0,0,0,0,0,0,0,0,0,0,0
SIGMA,0,0,0,0,0,0,0,0,0,0,0,0
SILKY,0,0,0,0,0,0,0,0,0,0,0,0
SILLY,0,0,0,0,0,0,0,0,0,0,0,0
SINCE,0,0,0,0,0,0,0,0,0,0,0,0
SINEW,0,0,0,0,0,0,0,0,0,0,0,0
SINGE,0,0,0,0,0,0,0,0,0,0,0,0
SIREN,0,0,0,0,0,0,0,0,0,0,0,0
SISSY,0,0,0,0,0,0,0,0,0,0,0,0
SIXTH,0,0,0,0,0,0,0,0,0,0,0,0
SIXTY,0,0,0,0,0,0,0,0,0,0,0,0
SKATE,0,0,0,0,0,0,0,0,0,0,0,0
SKIER,0,0,0,0,0,0,0,0,0,0,0,0
SKIFF,0,0,0,0,0,0,0,0,0,0,0,0
SKILL,0,0,0,0,0,0,0,0,0,0,0,0
SKIMP,0,0,0,0,0,0,0,0,0,0,0,0
SKIRT,0,0,0,0,0,0,0,0,0,0,0,0
SKULK,0,0,0,0,0,0,0,0,0,0,0,0
SKULL,0,0,0,0,0,0,0,0,0,0,0,0
SKUNK,0,0,0,0,0,0,0,0,0,0,0,0
SLACK,0,0,0,0,0,0,0,0,0,0,0,0
SLAIN,0,0,0,0,0,0,0,0,0,0,0,0
SLANG,0,0,0,0,0,0,0,0,0,0,0,0
SLANT,0,0,0,0,0,0,0,0,0,0,0,0
SLASH,0,0,0,0,0,0,0,0,0,0,0,0
SLATE,0,0,0,0,0,0,0,0,0,0,0,0
SLEEK,0,0,0,0,0,0,0,0,0,0,0,0
SLEEP,0,0,0,0,0,0,0,0,0,0,0,0
SLEET,0,0,0,0,0,0,0,0,0,0,0,0
SLEPT,0,0,0,0,0,0,0,0,0,0,0,0
SLICE,0,0,0,0,0,0,0,0,0,0,0,0
SLICK,0,0,0,0,0,0,0,0,0,0,0,0
SLIDE,0,0,0,0,0,0,0,0,0,0,0,0
SLIME,0,0,0,0,0,0,0,0,0,0,0,0
SLIMY,0,0,0,0,0,0,0,0,0,0,0,0
SLING,0,0,0,0,0,0,0,0,0,0,0,0
SLINK,0,0,0,0,0,0,0,0,0,0,0,0
SLOOP,0,0,0,0,0,0,0,0,0,0,0,0
SLOPE,0,0,0,0,0,0,0,0,0,0,0,0
SLOSH,0,0,0,0,0,0,0,0,0,0,0,0
SLOTH,0,0,0,0,0,0,0,0,0,0,0,0
SLUMP,0,0,0,0,0,0,0,0,0,0,0,0
SLUNG,0,0,0,0,0,0,0,0,0,0,0,0
SLUNK,0,0,0,0,0,0,0,0,0,0,0,0
SLURP,0,0,0,0,0,0,0,0,0,0,0,0
SLUSH,0,0,0,0,0,0,0,0,0,0,0,0
SLYLY,0,0,0,0,0,0,0,0,0,0,0,0
SMACK,0,0,0,0,0,0,0,0,0,0,0,0
SMALL,0,0,0,0,0,0,0,0,0,0,0,0
SMART,0,0,0,0,0,0,0,0,0,0,0,0
SMASH,0,0,0,0,0,0,0,0,0,0,0,0
SMEAR,0,0,0,0,0,0,0,0,0,0,0,0
SMELL,0,0,0,0,0,0,0,0,0,0,0,0
SMELT,0,0,0,0,0,0,0,0,0,0,0,0
SMILE,0,0,0,0,0,0,0,0,0,0,0,0
SMIRK,0,0,0,0,0,0,0,0,0,0,0,0
SMITE,0,0,0,0,0,0,0,0,0,0,0,0
SMITH,0,0,0,0,0,0,0,0,0,0,0,0
SMOCK,0,0,0,0,0,0,0,0,0,0,0,0
SMOKE,0,0,0,0,0,0,0,0,0,0,0,0
SMOKY,0,0,0,0,0,0,0,0,0,0,0,0
SMOTE,0,0,0,0,0,0,0,0,0,0,0,0
SNACK,0,0,0,0,0,0,0,0,0,0,0,0
SNAIL,0,0,0,0,0,0,0,0,0,0,0,0
SNAKE,0,0,0,0,0,0,0,0,0,0,0,0
SNAKY,0,0,0,0,0,0,0,0,0,0,0,0
SNARE,0,0,0,0,0,0,0,0,0,0,0,0
SNARL,0,0,0,0,0,0,0,0,0,0,0,0
SNEAK,0,0,0,0,0,0,0,0,0,0,0,0
SNEER,0,0,0,0,0,0,0,0,0,0,0,0
SNIDE,0,0,0,0,0,0,0,0,0,0,0,0
SNIFF,0,0,0,0,0,0,0,0,0,0,0,0
SNIPE,0,0,0,0,0,0,0,0,0,0,0,0
SNOOP,0,0,0,0,0,0,0,0,0,0,0,0
SNORE,0,0,0,0,0,0,0,0,0,0,0,0
SNORT,0,0,0,0,0,0,0,0,0,0,0,0
SNOUT,0,0,0,0,0,0,0,0,0,0,0,0
SNOWY,0,0,0,0,0,0,0,0,0,0,0,0
SNUCK,0,0,0,0,0,0,0,0,0,0,0,0
SNUFF,0,0,0,0,0,0,0,0,0,0,0,0
SOAPY,0,0,0,0,0,0,0,0,0,0,0,0
SOBER,0,0,0,0,0,0,0,0,0,0,0,0
SOGGY,0,0,0,0,0,0,0,0,0,0,0,0
SOLAR,0,0,0,0,0,0,0,0,0,0,0,0
SOLID,0,0,0,0,0,0,0,0,0,0,0,0
SOLVE,0,0,0,0,0,0,0,0,0,0,0,0
SONAR,0,0,0,0,0,0,0,0,0,0,0,0
SONIC,0,0,0,0,0,0,0,0,0,0,0,0
SOOTH,0,0,0,0,0,0,0,0,0,0,0,0
SOOTY,0,0,0,0,0,0,0,0,0,0,0,0
SORRY,0,0,0,0,0,0,0,0,0,0,0,0
SOUND,0,0,0,0,0,0,0,0,0,0,0,0
SOUTH,0,0,0,0,0,0,0,0,0,0,0,0
SOWER,0,0,0,0,0,0,0,0,0,0,0,0
SPACE,0,0,0,0,0,0,0,0,0,0,0,0
SPADE,0,0,0,0,0,0,0,0,0,0,0,0
SPANK,0,0,0,0,0,0,0,0,0,0,0,0
SPARE,0,0,0,0,0,0,0,0,0,0,0,0
SPARK,0,0,0,0,0,0,0,0,0,0,0,0
SPASM,0,0,0,0,0,0,0,0,0,0,0,0
SPAWN,0,0,0,0,0,0,0,0,0,0,0,0
SPEAK,0,0,0,0,0,0,0,0,0,0,0,0
SPEAR,0,0,0,0,0,0,0,0,0,0,0,0
SPECK,0,0,0,0,0,0,0,0,0,0,0,0
SPEED,0,0,0,0,0,0,0,0,0,0,0,0
SPELL,0,0,0,0,0,0,0,0,0,0,0,0
SPELT,0,0,0,0,0,0,0,0,0,0,0,0
SPEND,0,0,0,0,0,0,0,0,0,0,0,0
SPENT,0,0,0,0,0,0,0,0,0,0,0,0
SPERM,0,0,0,0,0,0,0,0,0,0,0,0
SPICE,0,0,0,0,0,0,0,0,0,0,0,0
SPICY,0,0,0,0,0,0,0,0,0,0,0,0
SPIED,0,0,0,0,0,0,0,0,0,0,0,0
SPIEL,0,0,0,0,0,0,0,0,0,0,0,0
SPIKE,0,0,0,0,0,0,0,0,0,0,0,0
SPIKY,0,0,0,0,0,0,0,0,0,0,0,0
SPILL,0,0,0,0,0,0,0,0,0,0,0,0
SPILT,0,0,0,0,0,0,0,0,0,0,0,0
SPINE,0,0,0,0,0,0,0,0,0,0,0,0
SPINY,0,0,0,0,0,0,0,0,0,0,0,0
SPIRE,0,0,0,0,0,0,0,0,0,0,0,0
SPITE,0,0,0,0,0,0,0,0,0,0,0,0
SPLAT,0,0,0,0,0,0,0,0,0,0,0,0
SPLIT,0,0,0,0,0,0,0,0,0,0,0,0
SPOIL,0,0,0,0,0,0,0,0,0,0,0,0
SPOKE,0,0,0,0,0,0,0,0,0,0,0,0
SPOOF,0,0,0,0,0,0,0,0,0,0,0,0
SPOOK,0,0,0,0,0,0,0,0,0,0,0,0
SPOOL,0,0,0,0,0,0,0,0,0,0,0,0
SPOON,0,0,0,0,0,0,0,0,0,0,0,0
SPORE,0,0,0,0,0,0,0,0,0,0,0,0
SPORT,0,0,0,0,0,0,0,0,0,0,0,0
SPOUT,0,0,0,0,0,0,0,0,0,0,0,0
SPRAY,0,0,0,0,0,0,0,0,0,0,0,0
SPREE,0,0,0,0,0,0,0,0,0,0,0,0
SPRIG,0,0,0,0,0,0,0,0,0,0,0,0
SPUNK,0,0,0,0,0,0,0,0,0,0,0,0
SPURN,0,0,0,0,0,0,0,0,0,0,0,0
SPURT,0,0,0,0,0,0,0,0,0,0,0,0
SQUAD,0,0,0,0,0,0,0,0,0,0,0,0
SQUAT,0,0,0,0,0,0,0,0,0,0,0,0
SQUIB,0,0,0,0,0,0,0,0,0,0,0,0
STACK,0,0,0,0,0,0,0,0,0,0,0,0
STAFF,0,0,0,0,0,0,0,0,0,0,0,0
STAGE,0,0,0,0,0,0,0,0,0,0,0,0
STAID,0,0,0,0,0,0,0,0,0,0,0,0
STAIN,0,0,0,0,0,0,0,0,0,0,0,0
STAIR,0,0,0,0,0,0,0,0,0,0,0,0
STAKE,0,0,0,0,0,0,0,0,0,0,0,0
STALE,0,0,0,0,0,0,0,0,0,0,0,0
STALK,0,0,0,0,0,0,0,0,0,0,0,0
STALL,0,0,0,0,0,0,0,0,0,0,0,0
STAMP,0,0,0,0,0,0,0,0,0,0,0,0
STAND,0,0,0,0,0,0,0,0,0,0,0,0
STANK,0,0,0,0,0,0,0,0,0,0,0,0
STARE,0,0,0,0,0,0,0,0,0,0,0,0
STARK,0,0,0,0,0,0,0,0,0,0,0,0
START,0,0,0,0,0,0,0,0,0,0,0,0
STASH,0,0,0,0,0,0,0,0,0,0,0,0
STATE,0,0,0,0,0,0,0,0,0,0,0,0
STAVE,0,0,0,0,0,0,0,0,0,0,0,0
STEAD,0,0,0,0,0,0,0,0,0,0,0,0
STEAK,0,0,0,0,0,0,0,0,0,0,0,0
STEAL,0,0,0,0,0,0,0,0,0,0,0,0
STEAM,0,0,0,0,0,0,0,0,0,0,0,0
STEED,0,0,0,0,0,0,0,0,0,0,0,0
STEEL,0,0,0,0,0,0,0,0,0,0,0,0
STEEP,0,0,0,0,0,0,0,0,0,0,0,0
STEER,0,0,0,0,0,0,0,0,0,0,0,0
STEIN,0,0,0,0,0,0,0,0,0,0,0,0
STERN,0,0,0,0,0,0,0,0,0,0,0,0
STICK,0,0,0,0,0,0,0,0,0,0,0,0
STIFF,0,0,0,0,0,0,0,0,0,0,0,0
STILL,0,0,0,0,0,0,0,0,0,0,0,0
STILT,0,0,0,0,0,0,0,0,0,0,0,0
STING,0,0,0,0,0,0,0,0,0,0,0,0
STINK,0,0,0,0,0,0,0,0,0,0,0,0
STINT,0,0,0,0,0,0,0,0,0,0,0,0
STOCK,0,0,0,0,0,0,0,0,0,0,0,0
STOIC,0,0,0,0,0,0,0,0,0,0,0,0
STOKE,0,0,0,0,0,0,0,0,0,0,0,0
STOLE,0,0,0,0,0,0,0,0,0,0,0,0
STOMP,0,0,0,0,0,0,0,0,0,0,0,0
STONE,0,0,0,0,0,0,0,0,0,0,0,0
STONY,0,0,0,0,0,0,0,0,0,0,0,0
STOOD,0,0,0,0,0,0,0,0,0,0,0,0
STOOL,0,0,0,0,0,0,0,0,0,0,0,0
STOOP,0,0,0,0,0,0,0,0,0,0,0,0
STORE,0,0,0,0,0,0,0,0,0,0,0,0
STORK,0,0,0,0,0,0,0,0,0,0,0,0
STORM,0,0,0,0,0,0,0,0,0,0,0,0
STORY,0,0,0,0,0,0,0,0,0,0,0,0
STOUT,0,0,0,0,0,0,0,0,0,0,0,0
STOVE,0,0,0,0,0,0,0,0,0,0,0,0
STRAP,0,0,0,0,0,0,0,0,0,0,0,0
STRAW,0,0,0,0,0,0,0,0,0,0,0,0
STRAY,0,0,0,0,0,0,0,0,0,0,0,0
STRIP,0,0,0,0,0,0,0,0,0,0,0,0
STRUT,0,0,0,0,0,0,0,0,0,0,0,0
STUCK,0,0,0,0,0,0,0,0,0,0,0,0
STUDY,0,0,0,0,0,0,0,0,0,0,0,0
STUFF,0,0,0,0,0,0,0,0,0,0,0,0
STUMP,0,0,0,0,0,0,0,0,0,0,0,0
STUNG,0,0,0,0,0,0,0,0,0,0,0,0
STUNK,0,0,0,0,0,0,0,0,0,0,0,0
STUNT,0,0,0,0,0,0,0,0,0,0,0,0
STYLE,0,0,0,0,0,0,0,0,0,0,0,0
SUAVE,0,0,0,0,0,0,0,0,0,0,0,0
SUGAR,0,0,0,0,0,0,0,0,0,0,0,0
SUING,0,0,0,0,0,0,0,0,0,0,0,0
SUITE,0,0,0,0,0,0,0,0,0,0,0,0
SULKY,0,0,0,0,0,0,0,0,0,0,0,0
SULLY,0,0,0,0,0,0,0,0,0,0,0,0
SUMAC,0,0,0,0,0,0,0,0,0,0,0,0
SUNNY,0,0,0,0,0,0,0,0,0,0,0,0
SUPER,0,0,0,0,0,0,0,0,0,0,0,0
SURER,0,0,0,0,0,0,0,0,0,0,0,0
SURGE,0,0,0,0,0,0,0,0,0,0,0,0
SURLY,0,0,0,0,0,0,0,0,0,0,0,0
SUSHI,0,0,0,0,0,0,0,0,0,0,0,0
SWAMI,0,0,0,0,0,0,0,0,0,0,0,0
SWAMP,0,0,0,0,0,0,0,0,0,0,0,0
SWARM,0,0,0,0,0,0,0,0,0,0,0,0
SWASH,0,0,0,0,0,0,0,0,0,0,0,0
SWATH,0,0,0,0,0,0,0,0,0,0,0,0
SWEAR,0,0,0,0,0,0,0,0,0,0,0,0
SWEAT,0,0,0,0,0,0,0,0,0,0,0,0
SWEEP,0,0,0,0,0,0,0,0,0,0,0,0
SWEET,0,0,0,0,0,0,0,0,0,0,0,0
SWELL,0,0,0,0,0,0,0,0,0,0,0,0
SWEPT,0,0,0,0,0,0,0,0,0,0,0,0
SWIFT,0,0,0,0,0,0,0,0,0,0,0,0
SWILL,0,0,0,0,0,0,0,0,0,0,0,0
SWINE,0,0,0,0,0,0,0,0,0,0,0,0
SWING,0,0,0,0,0,0,0,0,0,0,0,0
SWIRL,0,0,0,0,0,0,0,0,0,0,0,0
SWISH,0,0,0,0,0,0,0,0,0,0,0,0
SWOON,0,0,0,0,0,0,0,0,0,0,0,0
SWOOP,0,0,0,0,0,0,0,0,0,0,0,0
SWORD,0,0,0,0,0,0,0,0,0,0,0,0
SWORE,0,0,0,0,0,0,0,0,0,0,0,0
SWORN,0,0,0,0,0,0,0,0,0,0,0,0
SWUNG,0,0,0,0,0,0,0,0,0,0,0,0
SYNOD,0,0,0,0,0,0,0,0,0,0,0,0
SYRUP,0,0,0,0,0,0,0,0,0,0,0,0
TABBY,0,0,0,0,0,0,0,0,0,0,0,0
TABLE,0,0,0,0,0,0,0,0,0,0,0,0
TABOO,0,0,0,0,0,0,0,0,0,0,0,0
TACIT,0,0,0,0,0,0,0,0,0,0,0,0
TACKY,0,0,0,0,0,0,0,0,0,0,0,0
TAFFY,0,0,0,0,0,0,0,0,0,0,0,0
TAINT,0,0,0,0,0,0,0,0,0,0,0,0
TAKEN,0,0,0,0,0,0,0,0,0,0,0,0
TAKER,0,0,0,0,0,0,0,0,0,0,0,0
TALLY,0,0,0,0,0,0,0,0,0,0,0,0
TALON,0,0,0,0,0,0,0,0,0,0,0,0
TAMER,0,0,0,0,0,0,0,0,0,0,0,0
TANGO,0,0,0,0,0,0,0,0,0,0,0,0
TANGY,0,0,0,0,0,0,0,0,0,0,0,0
TAPER,0,0,0,0,0,0,0,0,0,0,0,0
TAPIR,0,0,0,0,0,0,0,0,0,0,0,0
TARDY,0,0,0,0,0,0,0,0,0,0,0,0
TAROT,0,0,0,0,0,0,0,0,0,0,0,0
TASTE,0,0,0,0,0,0,0,0,0,0,0,0
TASTY,0,0,0,0,0,0,0,0,0,0,0,0
TATTY,0,0,0,0,0,0,0,0,0,0,0,0
TAUNT,0,0,0,0,0,0,0,0,0,0,0,0
TAWNY,0,0,0,0,0,0,0,0,0,0,0,0
TEACH,0,0,0,0,0,0,0,0,0,0,0,0
TEARY,0,0,0,0,0,0,0,0,0,0,0,0
TEASE,0,0,0,0,0,0,0,0,0,0,0,0
TEDDY,0,0,0,0,0,0,0,0,0,0,0,0
TEETH,0,0,0,0,0,0,0,0,0,0,0,0
TEMPO,0,0,0,0,0,0,0,0,0,0,0,0
TENET,0,0,0,0,0,0,0,0,0,0,0,0
TENOR,0,0,0,0,0,0,0,0,0,0,0,0
TENSE,0,0,0,0,0,0,0,0,0,0,0,0
TENTH,0,0,0,0,0,0,0,0,0,0,0,0
TEPEE,0,0,0,0,0,0,0,0,0,0,0,0
TEPID,0,0,0,0,0,0,0,0,0,0,0,0
TERRA,0,0,0,0,0,0,0,0,0,0,0,0
TERSE,0,0,0,0,0,0,0,0,0,0,0,0
TESTY,0,0,0,0,0,0,0,0,0,0,0,0
THANK,0,0,0,0,0,0,0,0,0,0,0,0
THEFT,0,0,0,0,0,0,0,0,0,0,0,0
THEIR,0,0,0,0,0,0,0,0,0,0,0,0
THEME,0,0,0,0,0,0,0,0,0,0,0,0
THERE,0,0,0,0,0,0,0,0,0,0,0,0
THESE,0,0,0,0,0,0,0,0,0,0,0,0
THETA,0,0,0,0,0,0,0,0,0,0,0,0
THICK,0,0,0,0,0,0,0,0,0,0,0,0
THIEF,0,0,0,0,0,0,0,0,0,0,0,0
THIGH,0,0,0,0,0,0,0,0,0,0,0,0
THING,0,0,0,0,0,0,0,0,0,0,0,0
THINK,0,0,0,0,0,0,0,0,0,0,0,0
THIRD,0,0,0,0,0,0,0,0,0,0,0,0
THONG,0,0,0,0,0,0,0,0,0,0,0,0
THORN,0,0,0,0,0,0,0,0,0,0,0,0
THOSE,0,0,0,0,0,0,0,0,0,0,0,0
THREE,0,0,0,0,0,0,0,0,0,0,0,0
THREW,0,0,0,0,0,0,0,0,0,0,0,0
THROB,0,0,0,0,0,0,0,0,0,0,0,0
THROW,0,0,0,0,0,0,0,0,0,0,0,0
THRUM,0,0,0,0,0,0,0,0,0,0,0,0
THUMB,0,0,0,0,0,0,0,0,0,0,0,0
THUMP,0,0,0,0,0,0,0,0,0,0,0,0
THYME,0,0,0,0,0,0,0,0,0,0,0,0
TIARA,0,0,0,0,0,0,0,0,0,0,0,0
TIBIA,0,0,0,0,0,0,0,0,0,0,0,0
TIDAL,0,0,0,0,0,0,0,0,0,0,0,0
TIGER,0,0,0,0,0,0,0,0,0,0,0,0
TIGHT,0,0,0,0,0,0,0,0,0,0,0,0
TILDE,0,0,0,0,0,0,0,0,0,0,0,0
TIMER,0,0,0,0,0,0,0,0,0,0,0,0
TIMID,0,0,0,0,0,0,0,0,0,0,0,0
TIPSY,0,0,0,0,0,0,0,0,0,0,0,0
TITAN,0,0,0,0,0,0,0,0,0,0,0,0
TITHE,0,0,0,0,0,0,0,0,0,0,0,0
TITLE,0,0,0,0,0,0,0,0,0,0,0,0
TOAST,0,0,0,0,0,0,0,0,0,0,0,0
TODAY,0,0,0,0,0,0,0,0,0,0,0,0
TODDY,0,0,0,0,0,0,0,0,0,0,0,0
TOKEN,0,0,0,0,0,0,0,0,0,0,0,0
TONAL,0,0,0,0,0,0,0,0,0,0,0,0
TONGA,0,0,0,0,0,0,0,0,0,0,0,0
TONIC,0,0,0,0,0,0,0,0,0,0,0,0
TOOTH,0,0,0,0,0,0,0,0,0,0,0,0
TOPAZ,0,0,0,0,0,0,0,0,0,0,0,0
TOPIC,0,0,0,0,0,0,0,0,0,0,0,0
TORCH,0,0,0,0,0,0,0,0,0,0,0,0
TORSO,0,0,0,0,0,0,0,0,0,0,0,0
TORUS,0,0,0,0,0,0,0,0,0,0,0,0
TOTAL,0,0,0,0,0,0,0,0,0,0,0,0
TOTEM,0,0,0,0,0,0,0,0,0,0,0,0
TOUCH,0,0,0,0,0,0,0,0,0,0,0,0
TOUGH,0,0,0,0,0,0,0,0,0,0,0,0
TOWEL,0,0,0,0,0,0,0,0,0,0,0,0
TOWER,0,0,0,0,0,0,0,0,0,0,0,0
TOXIC,0,0,0,0,0,0,0,0,0,0,0,0
TOXIN,0,0,0,0,0,0,0,0,0,0,0,0
TRACE,0,0,0,0,0,0,0,0,0,0,0,0
TRACK,0,0,0,0,0,0,0,0,0,0,0,0
TRACT,0,0,0,0,0,0,0,0,0,0,0,0
TRADE,0,0,0,0,0,0,0,0,0,0,0,0
TRAIL,0,0,0,0,0,0,0,0,0,0,0,0
TRAIN,0,0,0,0,0,0,0,0,0,0,0,0
TRAIT,0,0,0,0,0,0,0,0,0,0,0,0
TRAMP,0,0,0,0,0,0,0,0,0,0,0,0
TRASH,0,0,0,0,0,0,0,0,0,0,0,0
TRAWL,0,0,0,0,0,0,0,0,0,0,0,0
TREAD,0,0,0,0,0,0,0,0,0,0,0,0
TREAT,0,0,0,0,0,0,0,0,0,0,0,0
TREND,0,0,0,0,0,0,0,0,0,0,0,0
TRIAD,0,0,0,0,0,0,0,0,0,0,0,0
TRIAL,0,0,0,0,0,0,0,0,0,0,0,0
TRIBE,0,0,0,0,0,0,0,0,0,0,0,0
TRICE,0,0,0,0,0,0,0,0,0,0,0,0
TRICK,0,0,0,0,0,0,0,0,0,0,0,0
TRIED,0,0,0,0,0,0,0,0,0,0,0,0
TRIPE,0,0,0,0,0,0,0,0,0,0,0,0
TRITE,0,0,0,0,0,0,0,0,0,0,0,0
TROLL,0,0,0,0,0,0,0,0,0,0,0,0
TROOP,0,0,0,0,0,0,0,0,0,0,0,0
TROPE,0,0,0,0,0,0,0,0,0,0,0,0
TROUT,0,0,0,0,0,0,0,0,0,0,0,0
TROVE,0,0,0,0,0,0,0,0,0,0,0,0
TRUCE,0,0,0,0,0,0,0,0,0,0,0,0
TRUCK,0,0,0,0,0,0,0,0,0,0,0,0
TRUER,0,0,0,0,0,0,0,0,0,0,0,0
TRULY,0,0,0,0,0,0,0,0,0,0,0,0
TRUMP,0,0,0,0,0,0,0,0,0,0,0,0
TRUNK,0,0,0,0,0,0,0,0,0,0,0,0
TRUSS,0,0,0,0,0,0,0,0,0,0,0,0
TRUST,0,0,0,0,0,0,0,0,0,0,0,0
TRUTH,0,0,0,0,0,0,0,0,0,0,0,0
TRYST,0,0,0,0,0,0,0,0,0,0,0,0
TUBAL,0,0,0,0,0,0,0,0,0,0,0,0
TUBER,0,0,0,0,0,0,0,0,0,0,0,0
TULIP,0,0,0,0,0,0,0,0,0,0,0,0
TULLE,0,0,0,0,0,0,0,0,0,0,0,0
TUMOR,0,0,0,0,0,0,0,0,0,0,0,0
TUNIC,0,0,0,0,0,0,0,0,0,0,0,0
TURBO,0,0,0,0,0,0,0,0,0,0,0,0
TUTOR,0,0,0,0,0,0,0,0,0,0,0,0
TWANG,0,0,0,0,0,0,0,0,0,0,0,0
TWEAK,0,0,0,0,0,0,0,0,0,0,0,0
TWEED,0,0,0,0,0,0,0,0,0,0,0,0
TWEET,0,0,0,0,0,0,0,0,0,0,0,0
TWICE,0,0,0,0,0,0,0,0,0,0,0,0
TWINE,0,0,0,0,0,0,0,0,0,0,0,0
TWIRL,0,0,0,0,0,0,0,0,0,0,0,0
TWIST,0,0,0,0,0,0,0,0,0,0,0,0
TWIXT,0,0,0,0,0,0,0,0,0,0,0,0
TYING,0,0,0,0,0,0,0,0,0,0,0,0
UDDER,0,0,0,0,0,0,0,0,0,0,0,0
ULCER,0,0,0,0,0,0,0,0,0,0,0,0
ULTRA,0,0,0,0,0,0,0,0,0,0,0,0
UMBRA,0,0,0,0,0,0,0,0,0,0,0,0
UNCLE,0,0,0,0,0,0,0,0,0,0,0,0
UNCUT,0,0,0,0,0,0,0,0,0,0,0,0
UNDER,0,0,0,0,0,0,0,0,0,0,0,0
UNDID,0,0,0,0,0,0,0,0,0,0,0,0
UNDUE,0,0,0,0,0,0,0,0,0,0,0,0
UNFED,0,0,0,0,0,0,0,0,0,0,0,0
UNFIT,0,0,0,0,0,0,0,0,0,0,0,0
UNIFY,0,0,0,0,0,0,0,0,0,0,0,0
UNION,0,0,0,0,0,0,0,0,0,0,0,0
UNITE,0,0,0,0,0,0,0,0,0,0,0,0
UNITY,0,0,0,0,0,0,0,0,0,0,0,0
UNLIT,0,0,0,0,0,0,0,0,0,0,0,0
UNMET,0,0,0,0,0,0,0,0,0,0,0,0
UNSET,0,0,0,0,0,0,0,0,0,0,0,0
UNTIE,0,0,0,0,0,0,0,0,0,0,0,0
UNTIL,0,0,0,0,0,0,0,0,0,0,0,0
UNWED,0,0,0,0,0,0,0,0,0,0,0,0
UNZIP,0,0,0,0,0,0,0,0,0,0,0,0
UPPER,0,0,0,0,0,0,0,0,0,0,0,0
UPSET,0,0,0,0,0,0,0,0,0,0,0,0
URBAN,0,0,0,0,0,0,0,0,0,0,0,0
URINE,0,0,0,0,0,0,0,0,0,0,0,0
USAGE,0,0,0,0,0,0,0,0,0,0,0,0
USHER,0,0,0,0,0,0,0,0,0,0,0,0
USING,0,0,0,0,0,0,0,0,0,0,0,0
USUAL,0,0,0,0,0,0,0,0,0,0,0,0
USURP,0,0,0,0,0,0,0,0,0,0,0,0
UTILE,0,0,0,0,0,0,0,0,0,0,0,0
UTTER,0,0,0,0,0,0,0,0,0,0,0,0
VAGUE,0,0,0,0,0,0,0,0,0,0,0,0
VALET,0,0,0,0,0,0,0,0,0,0,0,0
VALID,0,0,0,0,0,0,0,0,0,0,0,0
VALOR,0,0,0,0,0,0,0,0,0,0,0,0
VALUE,0,0,0,0,0,0,0,0,0,0,0,0
VALVE,0,0,0,0,0,0,0,0,0,0,0,0
VAPID,0,0,0,0,0,0,0,0,0,0,0,0
VAPOR,0,0,0,0,0,0,0,0,0,0,0,0
VAULT,0,0,0,0,0,0,0,0,0,0,0,0
VAUNT,0,0,0,0,0,0,0,0,0,0,0,0
VEGAN,0,0,0,0,0,0,0,0,0,0,0,0
VENOM,0,0,0,0,0,0,0,0,0,0,0,0
VENUE,0,0,0,0,0,0,0,0,0,0,0,0
VERGE,0,0,0,0,0,0,0,0,0,0,0,0
VERSE,0,0,0,0,0,0,0,0,0,0,0,0
VERSO,0,0,0,0,0,0,0,0,0,0,0,0
VERVE,0,0,0,0,0,0,0,0,0,0,0,0
VICAR,0,0,0,0,0,0,0,0,0,0,0,0
VIDEO,0,0,0,0,0,0,0,0,0,0,0,0
VIGIL,0,0,0,0,0,0,0,0,0,0,0,0
VIGOR,0,0,0,0,0,0,0,0,0,0,0,0
VILLA,0,0,0,0,0,0,0,0,0,0,0,0
VINYL,0,0,0,0,0,0,0,0,0,0,0,0
VIOLA,0,0,0,0,0,0,0,0,0,0,0,0
VIPER,0,0,0,0,0,0,0,0,0,0,0,0
VIRAL,0,0,0,0,0,0,0,0,0,0,0,0
VIRUS,0,0,0,0,0,0,0,0,0,0,0,0
VISIT,0,0,0,0,0,0,0,0,0,0,0,0
VISOR,0,0,0,0,0,0,0,0,0,0,0,0
VISTA,0,0,0,0,0,0,0,0,0,0,0,0
VITAL,0,0,0,0,0,0,0,0,0,0,0,0
VIVID,0,0,0,0,0,0,0,0,0,0,0,0
VIXEN,0,0,0,0,0,0,0,0,0,0,0,0
VOCAL,0,0,0,0,0,0,0,0,0,0,0,0
VODKA,0,0,0,0,0,0,0,0,0,0,0,0
VOGUE,0,0,0,0,0,0,0,0,0,0,0,0
VOICE,0,0,0,0,0,0,0,0,0,0,0,0
VOILA,0,0,0,0,0,0,0,0,0,0,0,0
VOMIT,0,0,0,0,0,0,0,0,0,0,0,0
VOTER,0,0,0,0,0,0,0,0,0,0,0,0
VOUCH,0,0,0,0,0,0,0,0,0,0,0,0
VOWEL,0,0,0,0,0,0,0,0,0,0,0,0
VYING,0,0,0,0,0,0,0,0,0,0,0,0
WACKY,0,0,0,0,0,0,0,0,0,0,0,0
WAFER,0,0,0,0,0,0,0,0,0,0,0,0
WAGER,0,0,0,0,0,0,0,0,0,0,0,0
WAGON,0,0,0,0,0,0,0,0,0,0,0,0
WAIST,0,0,0,0,0,0,0,0,0,0,0,0
WAIVE,0,0,0,0,0,0,0,0,0,0,0,0
WALTZ,0,0,0,0,0,0,0,0,0,0,0,0
WARTY,0,0,0,0,0,0,0,0,0,0,0,0
WASTE,0,0,0,0,0,0,0,0,0,0,0,0
WATCH,0,0,0,0,0,0,0,0,0,0,0,0
WATER,0,0,0,0,0,0,0,0,0,0,0,0
WAVER,0,0,0,0,0,0,0,0,0,0,0,0
WAXEN,0,0,0,0,0,0,0,0,0,0,0,0
WEARY,0,0,0,0,0,0,0,0,0,0,0,0
WEAVE,0,0,0,0,0,0,0,0,0,0,0,0
WEDGE,0,0,0,0,0,0,0,0,0,0,0,0
WEEDY,0,0,0,0,0,0,0,0,0,0,0,0
WEIGH,0,0,0,0,0,0,0,0,0,0,0,0
WEIRD,0,0,0,0,0,0,0,0,0,0,0,0
WELCH,0,0,0,0,0,0,0,0,0,0,0,0
WELSH,0,0,0,0,0,0,0,0,0,0,0,0
WHACK,0,0,0,0,0,0,0,0,0,0,0,0
WHALE,0,0,0,0,0,0,0,0,0,0,0,0
WHARF,0,0,0,0,0,0,0,0,0,0,0,0
WHEAT,0,0,0,0,0,0,0,0,0,0,0,0
WHEEL,0,0,0,0,0,0,0,0,0,0,0,0
WHELP,0,0,0,0,0,0,0,0,0,0,0,0
WHERE,0,0,0,0,0,0,0,0,0,0,0,0
WHICH,0,0,0,0,0,0,0,0,0,0,0,0
WHIFF,0,0,0,0,0,0,0,0,0,0,0,0
WHILE,0,0,0,0,0,0,0,0,0,0,0,0
WHINE,0,0,0,0,0,0,0,0,0,0,0,0
WHINY,0,0,0,0,0,0,0,0,0,0,0,0
WHIRL,0,0,0,0,0,0,0,0,0,0,0,0
WHISK,0,0,0,0,0,0,0,0,0,0,0,0
WHITE,0,0,0,0,0,0,0,0,0,0,0,0
WHOLE,0,0,0,0,0,0,0,0,0,0,0,0
WHOOP,0,0,0,0,0,0,0,0,0,0,0,0
WHOSE,0,0,0,0,0,0,0,0,0,0,0,0
WIDEN,0,0,0,0,0,0,0,0,0,0,0,0
WIDER,0,0,0,0,0,0,0,0,0,0,0,0
WIDOW,0,0,0,0,0,0,0,0,0,0,0,0
WIDTH,0,0,0,0,0,0,0,0,0,0,0,0
WIELD,0,0,0,0,0,0,0,0,0,0,0,0
WIGHT,0,0,0,0,0,0,0,0,0,0,0,0
WILLY,0,0,0,0,0,0,0,0,0,0,0,0
WIMPY,0,0,0,0,0,0,0,0,0,0,0,0
WINCE,0,0,0,0,0,0,0,0,0,0,0,0
WINCH,0,0,0,0,0,0,0,0,0,0,0,0
WINDY,0,0,0,0,0,0,0,0,0,0,0,0
WISER,0,0,0,0,0,0,0,0,0,0,0,0
WISPY,0,0,0,0,0,0,0,0,0,0,0,0
WITCH,0,0,0,0,0,0,0,0,0,0,0,0
WITTY,0,0,0,0,0,0,0,0,0,0,0,0
WOKEN,0,0,0,0,0,0,0,0,0,0,0,0
WOMAN,0,0,0,0,0,0,0,0,0,0,0,0
WOMEN,0,0,0,0,0,0,0,0,0,0,0,0
WOODY,0,0,0,0,0,0,0,0,0,0,0,0
WOOER,0,0,0,0,0,0,0,0,0,0,0,0
WOOLY,0,0,0,0,0,0,0,0,0,0,0,0
WOOZY,0,0,0,0,0,0,0,0,0,0,0,0
WORDY,0,0,0,0,0,0,0,0,0,0,0,0
WORLD,0,0,0,0,0,0,0,0,0,0,0,0
WORRY,0,0,0,0,0,0,0,0,0,0,0,0
WORSE,0,0,0,0,0,0,0,0,0,0,0,0
WORST,0,0,0,0,0,0,0,0,0,0,0,0
WORTH,0,0,0,0,0,0,0,0,0,0,0,0
WOULD,0,0,0,0,0,0,0,0,0,0,0,0
WOUND,0,0,0,0,0,0,0,0,0,0,0,0
WOVEN,0,0,0,0,0,0,0,0,0,0,0,0
WRACK,0,0,0,0,0,0,0,0,0,0,0,0
WRATH,0,0,0,0,0,0,0,0,0,0,0,0
WREAK,0,0,0,0,0,0,0,0,0,0,0,0
WRECK,0,0,0,0,0,0,0,0,0,0,0,0
WREST,0,0,0,0,0,0,0,0,0,0,0,0
WRING,0,0,0,0,0,0,0,0,0,0,0,0
WRIST,0,0,0,0,0,0,0,0,0,0,0,0
WRITE,0,0,0,0,0,0,0,0,0,0,0,0
WRONG,0,0,0,0,0,0,0,0,0,0,0,0
WROTE,0,0,0,0,0,0,0,0,0,0,0,0
WRUNG,0,0,0,0,0,0,0,0,0,0,0,0
WRYLY,0,0,0,0,0,0,0,0,0,0,0,0
YACHT,0,0,0,0,0,0,0,0,0,0,0,0
YEARN,0,0,0,0,0,0,0,0,0,0,0,0
YEAST,0,0,0,0,0,0,0,0,0,0,0,0
YIELD,0,0,0,0,0,0,0,0,0,0,0,0
YOUNG,0,0,0,0,0,0,0,0,0,0,0,0
YOUTH,0,0,0,0,0,0,0,0,0,0,0,0
ZEBRA,0,0,0,0,0,0,0,0,0,0,0,0
ZESTY,0,0,0,0,0,0,0,0,0,0,0,0
ZONAL,0,0,0,0,0,0,0,0,0,0,0,0
